6	3	2011-06-13.09:00:01	35	236	45
3	0	2011-06-13.09:00:06	32	244	45
0	0	2011-06-13.09:00:10	29	240	45
0	0	2011-06-13.09:00:15	27	240	47
0	0	2011-06-13.09:00:20	25	240	41
0	0	2011-06-13.09:00:25	23	240	41
6	3	2011-06-13.09:00:29	29	240	41
3	0	2011-06-13.09:00:34	27	240	43
0	0	2011-06-13.09:00:38	25	238	43
0	0	2011-06-13.09:00:43	23	238	41
0	0	2011-06-13.09:00:48	21	236	41
0	0	2011-06-13.09:00:52	21	236	41
0	0	2011-06-13.09:00:57	19	236	41
6	3	2011-06-13.09:01:01	17	236	41
3	0	2011-06-13.09:01:06	16	244	41
3	0	2011-06-13.09:01:11	15	240	41
0	0	2011-06-13.09:01:15	14	240	41
0	0	2011-06-13.09:01:20	12	240	43
0	0	2011-06-13.09:01:24	11	240	43
6	3	2011-06-13.09:01:29	10	240	43
0	0	2011-06-13.09:01:33	10	240	43
0	0	2011-06-13.09:01:38	9	238	39
0	0	2011-06-13.09:01:43	8	238	39
0	0	2011-06-13.09:01:47	8	236	39
0	0	2011-06-13.09:01:52	7	236	41
6	3	2011-06-13.09:01:56	7	236	41
0	0	2011-06-13.09:02:01	14	236	39
0	0	2011-06-13.09:02:06	13	244	41
0	0	2011-06-13.09:02:10	12	240	41
0	0	2011-06-13.09:02:15	11	240	41
0	0	2011-06-13.09:02:19	10	240	41
0	0	2011-06-13.09:02:24	25	240	43
3	0	2011-06-13.09:02:28	23	240	43
0	0	2011-06-13.09:02:33	21	240	43
0	0	2011-06-13.09:02:38	20	238	45
0	0	2011-06-13.09:02:42	20	238	45
0	0	2011-06-13.09:02:47	18	236	45
0	0	2011-06-13.09:02:51	16	236	43
3	0	2011-06-13.09:02:56	23	236	47
3	0	2011-06-13.09:03:01	21	244	48
3	3	2011-06-13.09:03:01	21	244	48
6	3	2011-06-13.09:03:02	21	244	47
6	3	2011-06-13.09:03:07	20	240	49
0	0	2011-06-13.09:03:11	18	240	53
0	0	2011-06-13.09:03:16	16	240	51
0	0	2011-06-13.09:03:21	31	240	53
0	0	2011-06-13.09:03:25	29	240	53
0	0	2011-06-13.09:03:30	26	240	53
0	0	2011-06-13.09:03:34	24	240	51
0	0	2011-06-13.09:03:39	22	238	51
6	3	2011-06-13.09:03:44	20	238	51
6	3	2011-06-13.09:03:48	19	236	51
6	3	2011-06-13.09:03:53	17	236	55
0	0	2011-06-13.09:03:57	17	236	53
3	0	2011-06-13.09:04:02	16	244	55
0	0	2011-06-13.09:04:07	15	240	57
0	0	2011-06-13.09:04:11	13	240	61
0	0	2011-06-13.09:04:16	12	240	63
6	3	2011-06-13.09:04:20	35	240	65
6	3	2011-06-13.09:04:25	64	240	67
0	0	2011-06-13.09:04:30	59	240	67
0	0	2011-06-13.09:04:34	55	240	65
0	0	2011-06-13.09:04:39	50	238	65
0	0	2011-06-13.09:04:44	46	238	67
6	3	2011-06-13.09:04:48	66	236	55
0	0	2011-06-13.09:04:53	61	236	57
0	0	2011-06-13.09:04:57	61	236	57
6	3	2011-06-13.09:05:02	80	244	57
0	0	2011-06-13.09:05:07	106	240	57
0	0	2011-06-13.09:05:11	97	240	59
6	3	2011-06-13.09:05:16	89	240	61
6	3	2011-06-13.09:05:20	98	240	65
0	0	2011-06-13.09:05:25	90	240	65
0	0	2011-06-13.09:05:30	83	240	65
0	0	2011-06-13.09:05:34	76	240	63
3	0	2011-06-13.09:05:39	94	238	65
6	3	2011-06-13.09:05:43	103	238	65
6	3	2011-06-13.09:05:48	102	236	71
0	0	2011-06-13.09:05:53	94	236	75
0	0	2011-06-13.09:05:57	94	236	77
3	0	2011-06-13.09:06:02	87	244	73
0	0	2011-06-13.09:06:07	80	240	77
0	0	2011-06-13.09:06:11	73	240	79
6	3	2011-06-13.09:06:16	107	240	79
6	3	2011-06-13.09:06:20	123	240	79
6	3	2011-06-13.09:06:25	113	240	81
0	0	2011-06-13.09:06:30	104	240	81
0	0	2011-06-13.09:06:34	95	240	83
0	0	2011-06-13.09:06:39	88	238	85
6	3	2011-06-13.09:06:44	105	238	81
3	0	2011-06-13.09:06:48	96	236	79
0	0	2011-06-13.09:06:53	89	236	81
6	3	2011-06-13.09:06:58	130	236	81
9	3	2011-06-13.09:07:02	130	244	85
0	0	2011-06-13.09:07:07	119	240	83
6	3	2011-06-13.09:07:11	110	240	83
6	3	2011-06-13.09:07:16	101	240	83
0	0	2011-06-13.09:07:21	93	240	83
0	0	2011-06-13.09:07:25	85	240	87
0	0	2011-06-13.09:07:30	78	240	87
0	0	2011-06-13.09:07:35	80	240	87
9	3	2011-06-13.09:07:39	82	238	89
9	3	2011-06-13.09:07:44	91	238	87
6	3	2011-06-13.09:07:49	84	236	89
0	0	2011-06-13.09:07:53	77	236	89
0	0	2011-06-13.09:07:58	71	236	89
3	0	2011-06-13.09:08:03	71	244	87
0	0	2011-06-13.09:08:07	65	240	89
6	3	2011-06-13.09:08:12	60	240	91
9	3	2011-06-13.09:08:16	63	240	91
6	3	2011-06-13.09:08:21	82	240	91
0	0	2011-06-13.09:08:26	83	240	91
0	0	2011-06-13.09:08:30	77	240	97
0	0	2011-06-13.09:08:35	71	240	95
6	3	2011-06-13.09:08:40	73	238	95
0	0	2011-06-13.09:08:44	67	238	95
3	0	2011-06-13.09:08:49	70	236	93
6	3	2011-06-13.09:08:54	72	236	91
6	3	2011-06-13.09:08:58	66	236	91
6	3	2011-06-13.09:09:03	61	244	87
6	3	2011-06-13.09:09:08	72	240	85
3	0	2011-06-13.09:09:12	72	240	85
3	0	2011-06-13.09:09:17	66	240	85
0	0	2011-06-13.09:09:22	61	240	85
0	0	2011-06-13.09:09:26	56	240	87
0	0	2011-06-13.09:09:31	52	240	87
9	3	2011-06-13.09:09:35	55	240	89
6	3	2011-06-13.09:09:40	51	238	87
0	0	2011-06-13.09:09:45	71	238	87
3	0	2011-06-13.09:09:49	73	236	85
0	0	2011-06-13.09:09:54	67	236	85
0	0	2011-06-13.09:09:59	62	236	87
3	0	2011-06-13.09:10:03	65	244	85
3	0	2011-06-13.09:10:08	60	240	85
6	3	2011-06-13.09:10:13	63	240	83
6	3	2011-06-13.09:10:17	63	240	81
0	0	2011-06-13.09:10:22	58	240	81
0	0	2011-06-13.09:10:26	53	240	85
0	0	2011-06-13.09:10:31	49	240	83
6	3	2011-06-13.09:10:36	45	238	81
0	0	2011-06-13.09:10:40	41	238	81
0	0	2011-06-13.09:10:45	38	236	81
6	3	2011-06-13.09:10:50	35	236	81
6	3	2011-06-13.09:10:54	40	236	81
6	3	2011-06-13.09:10:59	37	236	85
6	3	2011-06-13.09:11:04	42	246	85
0	0	2011-06-13.09:11:09	39	242	83
0	0	2011-06-13.09:11:14	35	242	81
0	0	2011-06-13.09:11:18	33	240	79
0	0	2011-06-13.09:11:23	30	240	81
0	0	2011-06-13.09:11:27	30	240	81
6	3	2011-06-13.09:11:32	35	240	81
6	3	2011-06-13.09:11:37	33	238	83
0	0	2011-06-13.09:11:41	30	238	83
0	0	2011-06-13.09:11:46	27	236	83
0	0	2011-06-13.09:11:51	49	236	83
0	0	2011-06-13.09:11:55	45	236	85
0	0	2011-06-13.09:12:00	42	236	85
6	3	2011-06-13.09:12:05	46	244	87
6	3	2011-06-13.09:12:09	43	240	85
6	3	2011-06-13.09:12:14	39	240	83
6	3	2011-06-13.09:12:19	36	240	83
0	0	2011-06-13.09:12:24	33	240	85
0	0	2011-06-13.09:12:28	30	240	83
0	0	2011-06-13.09:12:33	28	240	81
0	0	2011-06-13.09:12:38	26	238	83
0	0	2011-06-13.09:12:42	26	238	85
6	3	2011-06-13.09:12:47	24	236	85
9	3	2011-06-13.09:12:52	46	236	85
6	3	2011-06-13.09:12:56	50	236	85
6	3	2011-06-13.09:13:01	54	236	91
3	0	2011-06-13.09:13:05	50	244	91
0	0	2011-06-13.09:13:10	46	240	93
0	0	2011-06-13.09:13:15	42	240	95
3	0	2011-06-13.09:13:19	39	240	95
0	0	2011-06-13.09:13:24	35	240	95
6	3	2011-06-13.09:13:29	49	240	95
6	3	2011-06-13.09:13:33	45	240	93
0	0	2011-06-13.09:13:38	41	238	89
0	0	2011-06-13.09:13:43	38	238	89
0	0	2011-06-13.09:13:47	38	236	89
6	3	2011-06-13.09:13:52	75	236	91
3	3	2011-06-13.09:13:57	77	236	89
3	0	2011-06-13.09:14:01	71	244	89
6	3	2011-06-13.09:14:06	73	244	85
6	3	2011-06-13.09:14:11	83	240	83
0	0	2011-06-13.09:14:15	76	240	83
6	3	2011-06-13.09:14:20	86	240	81
6	3	2011-06-13.09:14:25	79	240	83
0	0	2011-06-13.09:14:29	89	240	81
0	0	2011-06-13.09:14:34	82	240	79
0	0	2011-06-13.09:14:38	75	238	79
6	3	2011-06-13.09:14:43	69	238	79
6	3	2011-06-13.09:14:48	104	236	81
6	3	2011-06-13.09:14:52	104	236	81
6	3	2011-06-13.09:14:57	111	236	81
3	0	2011-06-13.09:15:02	102	244	85
0	0	2011-06-13.09:15:06	94	244	85
0	0	2011-06-13.09:15:11	87	240	85
0	0	2011-06-13.09:15:15	80	240	91
6	3	2011-06-13.09:15:20	73	240	91
9	3	2011-06-13.09:15:25	83	240	91
6	3	2011-06-13.09:15:29	101	240	93
0	0	2011-06-13.09:15:34	93	240	93
0	0	2011-06-13.09:15:39	85	238	91
0	0	2011-06-13.09:15:43	78	238	91
0	0	2011-06-13.09:15:48	72	236	91
6	3	2011-06-13.09:15:53	82	236	89
3	0	2011-06-13.09:15:57	82	236	93
9	3	2011-06-13.09:16:02	92	244	93
6	3	2011-06-13.09:16:07	116	240	93
0	0	2011-06-13.09:16:11	107	240	93
0	0	2011-06-13.09:16:16	98	240	91
6	3	2011-06-13.09:16:21	90	240	87
0	0	2011-06-13.09:16:25	83	240	91
0	0	2011-06-13.09:16:30	77	240	89
0	0	2011-06-13.09:16:35	70	240	89
6	3	2011-06-13.09:16:39	65	238	89
6	3	2011-06-13.09:16:44	67	238	87
6	3	2011-06-13.09:16:48	70	236	89
6	3	2011-06-13.09:16:53	64	236	91
0	0	2011-06-13.09:16:58	59	236	93
3	0	2011-06-13.09:17:02	59	244	91
0	0	2011-06-13.09:17:07	54	240	93
0	0	2011-06-13.09:17:12	50	240	93
3	0	2011-06-13.09:17:16	46	240	93
15	6	2011-06-13.09:17:21	90	240	93
6	3	2011-06-13.09:17:26	107	240	95
0	0	2011-06-13.09:17:30	99	240	93
0	0	2011-06-13.09:17:35	91	240	93
0	0	2011-06-13.09:17:40	83	238	95
0	0	2011-06-13.09:17:44	77	238	93
6	3	2011-06-13.09:17:49	70	236	93
3	0	2011-06-13.09:17:54	81	236	93
6	3	2011-06-13.09:17:58	82	236	93
6	3	2011-06-13.09:18:03	84	244	91
0	0	2011-06-13.09:18:08	84	240	91
0	0	2011-06-13.09:18:12	77	240	91
6	3	2011-06-13.09:18:17	71	240	89
6	3	2011-06-13.09:18:21	65	240	87
0	0	2011-06-13.09:18:26	60	240	87
0	0	2011-06-13.09:18:31	63	240	85
6	3	2011-06-13.09:18:35	58	240	83
6	3	2011-06-13.09:18:40	53	238	83
6	3	2011-06-13.09:18:45	49	238	79
0	0	2011-06-13.09:18:49	45	236	81
0	0	2011-06-13.09:18:54	41	236	81
0	0	2011-06-13.09:18:59	38	236	85
3	0	2011-06-13.09:19:03	35	244	85
0	0	2011-06-13.09:19:08	40	240	87
6	3	2011-06-13.09:19:12	40	240	85
6	3	2011-06-13.09:19:17	53	240	87
6	3	2011-06-13.09:19:22	57	240	87
0	0	2011-06-13.09:19:26	52	240	91
0	0	2011-06-13.09:19:31	48	240	91
0	0	2011-06-13.09:19:36	44	240	89
0	0	2011-06-13.09:19:40	41	238	87
6	3	2011-06-13.09:19:45	45	238	85
0	0	2011-06-13.09:19:50	42	236	85
6	3	2011-06-13.09:19:54	62	236	83
6	3	2011-06-13.09:19:59	57	236	83
3	0	2011-06-13.09:20:04	53	244	81
0	0	2011-06-13.09:20:08	56	240	81
6	3	2011-06-13.09:20:13	52	240	81
0	0	2011-06-13.09:20:17	52	240	81
3	0	2011-06-13.09:20:22	56	240	81
0	0	2011-06-13.09:20:27	59	240	81
0	0	2011-06-13.09:20:31	54	240	81
6	3	2011-06-13.09:20:36	58	240	81
6	3	2011-06-13.09:20:41	53	238	77
0	0	2011-06-13.09:20:45	49	236	75
0	0	2011-06-13.09:20:50	45	236	77
0	0	2011-06-13.09:20:55	49	236	77
0	0	2011-06-13.09:20:59	45	236	77
3	0	2011-06-13.09:21:04	42	244	75
6	3	2011-06-13.09:21:08	54	240	75
6	3	2011-06-13.09:21:13	50	240	73
0	0	2011-06-13.09:21:18	46	240	75
0	0	2011-06-13.09:21:22	46	240	75
0	0	2011-06-13.09:21:27	42	240	71
0	0	2011-06-13.09:21:32	39	240	67
3	0	2011-06-13.09:21:36	44	238	67
0	0	2011-06-13.09:21:41	56	238	67
0	0	2011-06-13.09:21:45	68	236	69
6	3	2011-06-13.09:21:50	86	236	67
6	3	2011-06-13.09:21:55	95	236	69
0	0	2011-06-13.09:21:59	88	236	69
3	0	2011-06-13.09:22:04	81	244	67
3	3	2011-06-13.09:22:08	90	240	65
0	0	2011-06-13.09:22:13	83	240	65
0	0	2011-06-13.09:22:18	76	240	67
0	0	2011-06-13.09:22:22	76	240	67
6	3	2011-06-13.09:22:27	70	242	69
6	3	2011-06-13.09:22:32	72	243	69
6	3	2011-06-13.09:22:36	91	241	69
0	0	2011-06-13.09:22:41	83	241	67
0	0	2011-06-13.09:22:45	77	239	67
0	0	2011-06-13.09:22:50	71	239	69
0	0	2011-06-13.09:22:55	65	238	69
0	0	2011-06-13.09:22:59	60	238	69
6	3	2011-06-13.09:23:04	63	246	69
6	3	2011-06-13.09:23:09	58	242	69
3	0	2011-06-13.09:23:13	53	242	69
0	0	2011-06-13.09:23:18	49	242	69
0	0	2011-06-13.09:23:22	49	242	71
0	0	2011-06-13.09:23:27	45	242	69
3	3	2011-06-13.09:23:32	41	242	71
0	0	2011-06-13.09:23:36	38	240	77
0	0	2011-06-13.09:23:41	35	240	75
3	0	2011-06-13.09:23:45	32	238	77
6	3	2011-06-13.09:23:50	30	238	77
0	0	2011-06-13.09:23:55	27	238	75
0	0	2011-06-13.09:23:59	25	238	75
6	3	2011-06-13.09:24:04	23	246	77
0	0	2011-06-13.09:24:09	21	242	75
0	0	2011-06-13.09:24:13	19	242	79
0	0	2011-06-13.09:24:18	18	242	81
3	0	2011-06-13.09:24:23	18	242	81
6	3	2011-06-13.09:24:27	16	242	83
12	6	2011-06-13.09:24:32	31	242	81
0	0	2011-06-13.09:24:36	37	240	81
0	0	2011-06-13.09:24:41	34	240	83
0	0	2011-06-13.09:24:46	31	238	85
0	0	2011-06-13.09:24:50	28	238	85
3	0	2011-06-13.09:24:55	66	238	89
6	3	2011-06-13.09:25:00	77	240	91
6	3	2011-06-13.09:25:04	111	248	91
6	3	2011-06-13.09:25:09	150	244	91
0	0	2011-06-13.09:25:14	186	244	91
0	0	2011-06-13.09:25:18	171	245	95
0	0	2011-06-13.09:25:18	171	245	95
0	0	2011-06-13.09:25:19	171	245	95
0	0	2011-06-13.09:25:19	171	245	95
0	0	2011-06-13.09:25:19	171	245	95
3	3	2011-06-13.09:25:19	171	245	95
0	0	2011-06-13.09:25:20	171	245	95
3	0	2011-06-13.09:25:20	171	245	95
0	0	2011-06-13.09:25:20	171	245	95
0	0	2011-06-13.09:25:20	171	245	95
0	0	2011-06-13.09:25:20	171	245	95
6	3	2011-06-13.09:25:21	171	245	95
6	3	2011-06-13.09:25:21	171	245	95
3	3	2011-06-13.09:25:21	171	245	95
6	3	2011-06-13.09:25:21	171	245	95
6	3	2011-06-13.09:25:22	171	245	95
15	3	2011-06-13.09:25:22	171	246	96
12	3	2011-06-13.09:25:22	171	245	93
6	3	2011-06-13.09:25:27	173	245	95
0	0	2011-06-13.09:25:32	159	244	95
0	0	2011-06-13.09:25:38	135	242	91
6	3	2011-06-13.09:25:43	140	242	91
6	3	2011-06-13.09:25:47	140	240	91
6	3	2011-06-13.09:25:52	129	240	89
6	3	2011-06-13.09:25:57	134	240	91
0	0	2011-06-13.09:26:07	121	244	89
0	0	2011-06-13.09:26:11	111	244	91
0	0	2011-06-13.09:26:16	102	245	95
3	0	2011-06-13.09:26:21	102	244	95
9	3	2011-06-13.09:26:28	94	244	93
0	0	2011-06-13.09:26:33	94	246	91
0	0	2011-06-13.09:26:37	94	244	93
0	0	2011-06-13.09:26:42	87	244	91
0	0	2011-06-13.09:26:47	80	242	91
0	0	2011-06-13.09:26:51	73	242	93
6	3	2011-06-13.09:26:56	91	242	93
6	3	2011-06-13.09:27:01	100	243	91
6	3	2011-06-13.09:27:05	92	251	89
0	0	2011-06-13.09:27:10	85	247	89
0	0	2011-06-13.09:27:15	78	247	91
0	0	2011-06-13.09:27:19	72	247	91
6	3	2011-06-13.09:27:24	90	247	87
0	0	2011-06-13.09:27:29	83	247	89
0	0	2011-06-13.09:27:33	76	247	91
6	3	2011-06-13.09:27:40	70	245	93
6	3	2011-06-13.09:27:45	88	243	95
6	3	2011-06-13.09:27:50	81	243	95
12	6	2011-06-13.09:27:54	91	243	95
0	0	2011-06-13.09:27:59	83	243	95
3	0	2011-06-13.09:28:04	77	251	95
0	0	2011-06-13.09:28:08	71	247	99
0	0	2011-06-13.09:28:13	65	247	101
6	3	2011-06-13.09:28:18	76	247	101
12	6	2011-06-13.09:28:22	76	247	103
6	3	2011-06-13.09:28:27	86	247	105
0	0	2011-06-13.09:28:32	79	247	105
0	0	2011-06-13.09:28:36	72	245	105
0	0	2011-06-13.09:28:41	67	245	105
0	0	2011-06-13.09:28:46	77	243	103
6	3	2011-06-13.09:28:51	71	243	103
6	3	2011-06-13.09:28:55	73	243	101
9	6	2011-06-13.09:29:00	83	243	99
6	3	2011-06-13.09:29:04	77	251	97
0	0	2011-06-13.09:29:09	71	247	95
0	0	2011-06-13.09:29:14	65	247	93
3	0	2011-06-13.09:29:33	64	247	93
9	3	2011-06-13.09:29:37	75	245	91
6	3	2011-06-13.09:29:42	69	245	89
3	0	2011-06-13.09:29:46	63	243	89
0	0	2011-06-13.09:29:51	58	243	89
3	3	2011-06-13.09:29:56	54	243	89
0	0	2011-06-13.09:30:00	49	243	89
3	0	2011-06-13.09:30:05	45	251	83
0	0	2011-06-13.09:30:10	42	247	81
6	3	2011-06-13.09:30:14	54	247	77
6	3	2011-06-13.09:30:19	58	247	75
0	0	2011-06-13.09:30:24	53	247	77
0	0	2011-06-13.09:30:29	49	247	77
0	0	2011-06-13.09:30:33	45	247	75
0	0	2011-06-13.09:30:38	41	245	73
0	0	2011-06-13.09:30:43	46	245	73
0	0	2011-06-13.09:30:47	46	243	83
6	3	2011-06-13.09:30:52	42	243	83
6	3	2011-06-13.09:30:57	71	243	81
3	0	2011-06-13.09:31:01	65	251	81
0	0	2011-06-13.09:31:06	60	251	81
0	0	2011-06-13.09:31:11	55	247	85
0	0	2011-06-13.09:31:17	67	247	79
0	0	2011-06-13.09:31:22	61	247	79
0	0	2011-06-13.09:31:26	56	247	75
6	3	2011-06-13.09:31:31	76	247	71
6	3	2011-06-13.09:31:36	70	247	73
6	3	2011-06-13.09:31:40	64	245	73
0	0	2011-06-13.09:31:45	67	245	73
0	0	2011-06-13.09:31:49	62	243	75
0	0	2011-06-13.09:31:54	57	243	73
0	0	2011-06-13.09:31:59	52	243	73
3	0	2011-06-13.09:32:03	48	251	75
0	0	2011-06-13.09:32:08	60	247	77
6	3	2011-06-13.09:32:13	55	246	77
0	0	2011-06-13.09:32:18	51	247	77
0	0	2011-06-13.09:32:22	51	247	77
0	0	2011-06-13.09:32:27	47	247	75
0	0	2011-06-13.09:32:32	43	247	77
0	0	2011-06-13.09:32:36	39	245	79
6	3	2011-06-13.09:32:41	44	245	81
0	0	2011-06-13.09:32:46	41	243	79
6	3	2011-06-13.09:32:50	37	243	79
6	3	2011-06-13.09:32:55	66	243	79
0	0	2011-06-13.09:32:59	61	243	77
3	0	2011-06-13.09:33:04	56	251	75
6	3	2011-06-13.09:33:09	52	246	77
0	0	2011-06-13.09:33:13	47	246	73
0	0	2011-06-13.09:33:18	44	246	73
0	0	2011-06-13.09:33:23	40	247	75
6	3	2011-06-13.09:33:27	40	247	73
6	3	2011-06-13.09:33:32	45	247	73
6	3	2011-06-13.09:33:36	41	245	71
0	0	2011-06-13.09:33:41	38	245	75
0	0	2011-06-13.09:33:46	35	243	75
0	0	2011-06-13.09:33:50	32	243	73
0	0	2011-06-13.09:33:55	30	243	75
0	0	2011-06-13.09:34:00	27	243	75
6	3	2011-06-13.09:34:04	33	251	79
9	3	2011-06-13.09:34:09	38	247	77
0	0	2011-06-13.09:34:13	35	247	79
0	0	2011-06-13.09:34:18	32	247	77
0	0	2011-06-13.09:34:23	30	247	77
0	0	2011-06-13.09:34:27	30	247	79
0	0	2011-06-13.09:34:32	27	247	75
3	3	2011-06-13.09:34:37	49	245	75
0	0	2011-06-13.09:34:41	45	245	75
6	3	2011-06-13.09:34:46	58	243	75
0	0	2011-06-13.09:34:51	53	243	77
0	0	2011-06-13.09:34:55	49	243	79
0	0	2011-06-13.09:35:00	45	243	79
6	3	2011-06-13.09:35:04	49	251	79
0	0	2011-06-13.09:35:09	45	247	81
0	0	2011-06-13.09:35:14	42	247	83
0	0	2011-06-13.09:35:18	38	247	85
6	3	2011-06-13.09:35:23	75	247	87
12	6	2011-06-13.09:35:28	85	247	89
9	6	2011-06-13.09:35:32	85	247	89
0	0	2011-06-13.09:35:37	78	245	93
0	0	2011-06-13.09:35:42	72	245	93
0	0	2011-06-13.09:35:46	66	243	91
0	0	2011-06-13.09:35:51	61	243	93
0	0	2011-06-13.09:35:56	56	243	93
12	6	2011-06-13.09:36:00	51	243	95
9	3	2011-06-13.09:36:05	55	251	97
6	3	2011-06-13.09:36:10	51	247	97
0	0	2011-06-13.09:36:14	47	247	95
0	0	2011-06-13.09:36:19	43	247	95
0	0	2011-06-13.09:36:23	40	247	95
6	3	2011-06-13.09:36:28	44	247	95
6	3	2011-06-13.09:36:33	41	247	95
0	0	2011-06-13.09:36:37	41	245	97
6	3	2011-06-13.09:36:42	46	245	95
6	3	2011-06-13.09:36:47	50	243	97
0	0	2011-06-13.09:36:51	46	243	95
6	3	2011-06-13.09:36:56	42	243	95
6	3	2011-06-13.09:37:01	63	243	95
3	0	2011-06-13.09:37:05	58	251	99
0	0	2011-06-13.09:37:10	53	247	101
0	0	2011-06-13.09:37:15	49	247	105
6	3	2011-06-13.09:37:19	61	247	103
9	3	2011-06-13.09:37:24	88	247	103
12	6	2011-06-13.09:37:29	81	247	103
3	0	2011-06-13.09:37:33	74	247	101
0	0	2011-06-13.09:37:38	76	245	99
0	0	2011-06-13.09:37:43	70	245	99
0	0	2011-06-13.09:37:47	70	243	103
0	0	2011-06-13.09:37:52	65	243	103
6	3	2011-06-13.09:37:57	83	243	103
12	6	2011-06-13.09:38:01	117	251	103
6	3	2011-06-13.09:38:06	139	247	103
0	0	2011-06-13.09:38:11	128	247	101
0	0	2011-06-13.09:38:15	118	247	101
0	0	2011-06-13.09:38:20	108	247	103
6	3	2011-06-13.09:38:25	100	247	107
6	3	2011-06-13.09:38:29	92	247	107
6	3	2011-06-13.09:38:34	84	247	107
6	3	2011-06-13.09:38:39	78	245	107
6	3	2011-06-13.09:38:43	79	245	107
3	0	2011-06-13.09:38:48	73	243	103
6	3	2011-06-13.09:38:53	67	243	103
6	3	2011-06-13.09:38:57	67	243	101
6	3	2011-06-13.09:39:02	62	251	101
0	0	2011-06-13.09:39:07	57	247	97
0	0	2011-06-13.09:39:11	52	247	97
6	3	2011-06-13.09:39:16	48	247	95
12	6	2011-06-13.09:39:21	52	247	93
3	0	2011-06-13.09:39:26	48	247	93
6	3	2011-06-13.09:39:32	44	248	93
0	0	2011-06-13.09:39:37	40	246	91
0	0	2011-06-13.09:39:41	37	246	87
0	0	2011-06-13.09:39:46	34	244	87
0	0	2011-06-13.09:39:51	31	244	85
6	3	2011-06-13.09:39:55	37	244	85
6	3	2011-06-13.09:40:00	42	244	89
3	0	2011-06-13.09:40:04	39	252	89
0	0	2011-06-13.09:40:09	35	248	89
0	0	2011-06-13.09:40:14	33	248	89
6	3	2011-06-13.09:40:18	38	248	91
3	0	2011-06-13.09:40:23	35	248	93
0	0	2011-06-13.09:40:28	32	248	95
6	3	2011-06-13.09:40:32	32	248	95
6	3	2011-06-13.09:40:37	29	246	95
3	0	2011-06-13.09:40:42	27	246	95
6	3	2011-06-13.09:40:46	25	244	97
0	0	2011-06-13.09:40:51	47	244	95
0	0	2011-06-13.09:40:56	43	244	91
6	3	2011-06-13.09:41:00	64	244	91
3	0	2011-06-13.09:41:05	58	252	91
3	0	2011-06-13.09:41:10	62	248	89
6	3	2011-06-13.09:41:14	97	248	91
12	6	2011-06-13.09:41:19	129	248	89
0	0	2011-06-13.09:41:24	119	248	89
0	0	2011-06-13.09:41:28	117	248	89
3	3	2011-06-13.09:41:33	108	248	91
0	0	2011-06-13.09:41:38	108	246	91
0	0	2011-06-13.09:41:42	99	246	91
6	3	2011-06-13.09:41:47	91	244	91
6	3	2011-06-13.09:41:51	92	244	91
6	3	2011-06-13.09:41:56	109	244	89
6	3	2011-06-13.09:42:01	148	254	93
3	0	2011-06-13.09:42:05	136	252	91
0	0	2011-06-13.09:42:10	125	248	91
3	0	2011-06-13.09:42:15	131	248	89
0	0	2011-06-13.09:42:19	121	248	93
0	0	2011-06-13.09:42:24	111	248	93
6	3	2011-06-13.09:42:30	110	248	91
6	3	2011-06-13.09:42:34	141	248	91
6	3	2011-06-13.09:42:39	170	246	93
0	0	2011-06-13.09:42:52	166	244	89
0	0	2011-06-13.09:42:56	153	244	89
6	3	2011-06-13.09:43:01	140	255	89
3	0	2011-06-13.09:43:05	129	252	89
6	3	2011-06-13.09:43:10	151	248	87
6	3	2011-06-13.09:43:15	147	248	85
0	0	2011-06-13.09:43:19	135	248	85
0	0	2011-06-13.09:43:24	124	248	81
0	0	2011-06-13.09:43:29	114	248	85
6	3	2011-06-13.09:43:33	105	248	87
0	0	2011-06-13.09:43:38	96	246	87
6	3	2011-06-13.09:43:43	97	246	89
6	3	2011-06-13.09:43:47	97	244	91
6	3	2011-06-13.09:43:54	113	244	95
0	0	2011-06-13.09:43:59	104	244	97
6	3	2011-06-13.09:44:04	96	251	97
3	0	2011-06-13.09:44:08	88	247	95
0	0	2011-06-13.09:44:13	81	247	95
0	0	2011-06-13.09:44:18	74	247	95
0	0	2011-06-13.09:44:22	74	247	93
3	0	2011-06-13.09:44:27	84	247	93
6	3	2011-06-13.09:44:32	102	247	93
6	3	2011-06-13.09:44:36	94	245	93
3	0	2011-06-13.09:44:41	102	245	97
0	0	2011-06-13.09:44:46	94	243	97
0	0	2011-06-13.09:44:50	86	243	95
0	0	2011-06-13.09:44:55	79	243	95
0	0	2011-06-13.09:45:00	73	243	95
9	3	2011-06-13.09:45:04	75	251	93
9	3	2011-06-13.09:45:09	85	247	93
0	0	2011-06-13.09:45:14	78	248	93
0	0	2011-06-13.09:45:18	72	248	93
0	0	2011-06-13.09:45:23	66	248	93
0	0	2011-06-13.09:45:28	66	248	91
6	3	2011-06-13.09:45:32	61	248	91
6	3	2011-06-13.09:45:37	56	246	95
6	3	2011-06-13.09:45:42	51	246	101
6	3	2011-06-13.09:45:46	55	244	101
6	3	2011-06-13.09:45:51	83	244	103
0	0	2011-06-13.09:45:56	76	244	103
0	0	2011-06-13.09:46:00	70	244	101
12	6	2011-06-13.09:46:05	64	252	101
0	0	2011-06-13.09:46:10	59	248	103
0	0	2011-06-13.09:46:14	55	248	103
3	0	2011-06-13.09:46:19	50	248	103
6	3	2011-06-13.09:46:24	62	248	105
6	3	2011-06-13.09:46:28	57	248	99
12	6	2011-06-13.09:46:33	61	248	97
0	0	2011-06-13.09:46:38	61	246	97
0	0	2011-06-13.09:46:42	56	246	99
0	0	2011-06-13.09:46:47	51	244	99
0	0	2011-06-13.09:46:51	47	244	101
0	0	2011-06-13.09:46:56	43	244	101
6	3	2011-06-13.09:47:01	48	244	99
9	3	2011-06-13.09:47:06	52	252	99
0	0	2011-06-13.09:47:11	48	248	97
0	0	2011-06-13.09:47:15	44	248	95
0	0	2011-06-13.09:47:20	40	248	91
0	0	2011-06-13.09:47:25	37	248	89
3	0	2011-06-13.09:47:29	42	248	91
6	3	2011-06-13.09:47:34	47	248	93
6	3	2011-06-13.09:47:39	51	246	93
6	3	2011-06-13.09:47:43	47	246	93
3	0	2011-06-13.09:47:48	43	244	91
0	0	2011-06-13.09:47:53	40	244	91
3	0	2011-06-13.09:47:57	40	244	89
6	3	2011-06-13.09:48:02	44	252	89
0	0	2011-06-13.09:48:07	41	248	93
0	0	2011-06-13.09:48:11	38	248	93
0	0	2011-06-13.09:48:16	35	248	89
6	3	2011-06-13.09:48:21	40	248	89
6	3	2011-06-13.09:48:25	37	248	87
6	3	2011-06-13.09:48:30	42	248	85
6	3	2011-06-13.09:48:34	38	248	83
0	0	2011-06-13.09:48:39	35	246	83
0	0	2011-06-13.09:48:44	32	246	85
0	0	2011-06-13.09:48:48	30	244	87
0	0	2011-06-13.09:48:53	35	244	85
6	3	2011-06-13.09:48:58	40	244	87
12	6	2011-06-13.09:49:02	40	252	85
0	0	2011-06-13.09:49:07	37	248	83
0	0	2011-06-13.09:49:12	34	248	83
0	0	2011-06-13.09:49:16	31	247	81
0	0	2011-06-13.09:49:21	29	247	79
3	0	2011-06-13.09:49:25	35	247	75
6	3	2011-06-13.09:49:30	32	247	75
6	3	2011-06-13.09:49:35	29	247	77
6	3	2011-06-13.09:49:39	27	245	77
0	0	2011-06-13.09:49:44	25	245	77
0	0	2011-06-13.09:49:49	23	243	77
0	0	2011-06-13.09:49:53	21	243	79
6	3	2011-06-13.09:49:58	19	243	81
6	3	2011-06-13.09:50:03	19	251	85
0	0	2011-06-13.09:50:07	18	247	85
3	0	2011-06-13.09:50:12	16	247	85
6	3	2011-06-13.09:50:16	15	247	85
6	3	2011-06-13.09:50:21	14	247	83
6	3	2011-06-13.09:50:26	20	247	81
0	0	2011-06-13.09:50:30	19	247	83
6	3	2011-06-13.09:50:35	17	247	79
0	0	2011-06-13.09:50:40	16	245	83
0	0	2011-06-13.09:50:44	15	245	85
0	0	2011-06-13.09:50:49	13	243	89
6	3	2011-06-13.09:50:54	20	243	89
6	3	2011-06-13.09:50:58	19	243	89
6	3	2011-06-13.09:51:03	33	251	89
0	0	2011-06-13.09:51:08	33	247	89
0	0	2011-06-13.09:51:12	30	247	91
0	0	2011-06-13.09:51:17	28	247	91
6	3	2011-06-13.09:51:21	26	247	93
0	0	2011-06-13.09:51:26	32	247	99
6	3	2011-06-13.09:51:31	37	247	99
12	6	2011-06-13.09:51:35	58	247	101
6	3	2011-06-13.09:51:40	70	245	101
0	0	2011-06-13.09:51:45	64	245	99
3	3	2011-06-13.09:51:49	67	243	97
0	0	2011-06-13.09:51:54	61	243	99
0	0	2011-06-13.09:51:59	56	243	97
6	3	2011-06-13.09:52:03	84	251	101
6	3	2011-06-13.09:52:08	93	247	99
6	3	2011-06-13.09:52:13	118	247	95
9	3	2011-06-13.09:52:17	118	247	97
0	0	2011-06-13.09:52:22	116	247	99
0	0	2011-06-13.09:52:27	107	247	99
0	0	2011-06-13.09:52:31	98	247	101
6	3	2011-06-13.09:52:36	99	245	101
0	0	2011-06-13.09:52:41	91	245	101
0	0	2011-06-13.09:52:45	91	243	101
9	3	2011-06-13.09:52:50	124	243	97
6	3	2011-06-13.09:52:55	114	244	97
3	0	2011-06-13.09:52:59	105	244	101
9	3	2011-06-13.09:53:04	104	253	101
3	0	2011-06-13.09:53:09	96	249	101
6	0	2011-06-13.09:53:13	96	249	99
6	0	2011-06-13.09:53:18	89	249	99
3	0	2011-06-13.09:53:23	89	249	101
6	3	2011-06-13.09:53:27	89	249	97
6	3	2011-06-13.09:53:32	90	249	99
9	3	2011-06-13.09:53:37	99	247	101
0	0	2011-06-13.09:53:41	107	247	99
6	3	2011-06-13.09:53:46	131	245	99
0	0	2011-06-13.09:53:51	136	245	99
0	0	2011-06-13.09:53:55	125	245	99
0	0	2011-06-13.09:54:00	115	245	97
6	3	2011-06-13.09:54:05	114	253	95
6	3	2011-06-13.09:54:09	129	249	95
9	3	2011-06-13.09:54:14	150	249	95
3	0	2011-06-13.09:54:19	138	249	95
0	0	2011-06-13.09:54:24	127	249	97
0	0	2011-06-13.09:54:29	117	249	95
0	0	2011-06-13.09:54:33	108	249	97
6	3	2011-06-13.09:54:38	107	247	93
6	3	2011-06-13.09:54:43	107	247	93
6	3	2011-06-13.09:54:47	106	245	95
6	3	2011-06-13.09:54:52	114	245	95
0	0	2011-06-13.09:54:57	105	244	93
0	0	2011-06-13.09:55:01	96	244	95
3	0	2011-06-13.09:55:06	89	252	95
6	3	2011-06-13.09:55:11	81	248	99
0	0	2011-06-13.09:55:15	75	248	101
0	0	2011-06-13.09:55:20	69	249	105
6	3	2011-06-13.09:55:25	79	249	105
6	3	2011-06-13.09:55:29	81	249	107
6	3	2011-06-13.09:55:34	75	249	105
6	3	2011-06-13.09:55:39	109	247	105
3	0	2011-06-13.09:55:43	100	247	107
0	0	2011-06-13.09:55:48	92	246	105
0	0	2011-06-13.09:55:53	92	246	103
0	0	2011-06-13.09:55:57	84	246	103
6	3	2011-06-13.09:56:02	78	254	101
9	3	2011-06-13.09:56:07	95	250	103
12	6	2011-06-13.09:56:11	112	249	103
0	0	2011-06-13.09:56:16	111	249	107
0	0	2011-06-13.09:56:21	110	249	107
0	0	2011-06-13.09:56:25	109	249	105
0	0	2011-06-13.09:56:30	100	249	101
0	0	2011-06-13.09:56:35	92	249	99
9	3	2011-06-13.09:56:39	125	247	103
6	3	2011-06-13.09:56:44	123	247	105
6	3	2011-06-13.09:56:49	121	245	107
0	0	2011-06-13.09:56:53	119	245	109
0	0	2011-06-13.09:56:58	110	245	111
3	0	2011-06-13.09:57:03	101	253	109
6	3	2011-06-13.09:57:07	101	249	109
6	3	2011-06-13.09:57:12	109	249	109
0	0	2011-06-13.09:57:17	100	249	109
6	3	2011-06-13.09:57:22	100	249	109
9	3	2011-06-13.09:57:26	116	249	111
3	0	2011-06-13.09:57:31	107	249	111
6	3	2011-06-13.09:57:36	106	249	111
6	3	2011-06-13.09:57:41	106	247	113
0	0	2011-06-13.09:57:45	97	245	113
0	0	2011-06-13.09:57:50	89	245	107
0	0	2011-06-13.09:57:55	82	245	107
6	3	2011-06-13.09:57:59	76	245	107
9	3	2011-06-13.09:58:04	93	253	105
6	3	2011-06-13.09:58:09	86	249	101
0	0	2011-06-13.09:58:13	79	249	103
0	0	2011-06-13.09:58:18	73	249	105
0	0	2011-06-13.09:58:23	67	249	105
0	0	2011-06-13.09:58:27	67	249	103
3	0	2011-06-13.09:58:32	61	249	105
6	3	2011-06-13.09:58:37	65	247	105
12	6	2011-06-13.09:58:41	75	247	103
0	0	2011-06-13.09:58:46	69	245	103
0	0	2011-06-13.09:58:51	64	245	105
0	0	2011-06-13.09:58:55	59	245	105
0	0	2011-06-13.09:59:00	54	245	103
6	3	2011-06-13.09:59:05	58	253	105
6	3	2011-06-13.09:59:09	85	249	103
6	3	2011-06-13.09:59:14	86	249	103
9	3	2011-06-13.09:59:19	79	249	107
6	3	2011-06-13.09:59:24	73	249	107
3	0	2011-06-13.09:59:28	91	249	101
6	3	2011-06-13.09:59:33	92	249	99
3	0	2011-06-13.09:59:37	92	247	99
6	3	2011-06-13.09:59:42	108	247	97
0	0	2011-06-13.09:59:47	108	245	99
0	0	2011-06-13.09:59:51	107	245	101
6	3	2011-06-13.09:59:56	106	245	97
12	6	2011-06-13.10:00:01	122	255	97
6	3	2011-06-13.10:00:05	112	253	95
6	3	2011-06-13.10:00:10	111	249	95
0	0	2011-06-13.10:00:15	102	249	95
0	0	2011-06-13.10:00:20	94	249	91
0	0	2011-06-13.10:00:24	94	249	95
6	3	2011-06-13.10:00:29	87	249	95
6	3	2011-06-13.10:00:35	80	249	97
9	3	2011-06-13.10:00:39	73	247	97
0	0	2011-06-13.10:00:44	68	247	97
0	0	2011-06-13.10:00:49	70	245	97
0	0	2011-06-13.10:00:53	64	246	95
6	3	2011-06-13.10:00:58	75	246	95
3	0	2011-06-13.10:01:03	75	254	95
3	3	2011-06-13.10:01:07	69	249	93
6	3	2011-06-13.10:01:12	112	249	95
6	3	2011-06-13.10:01:17	127	249	95
6	3	2011-06-13.10:01:21	149	249	95
6	3	2011-06-13.10:01:26	185	249	99
3	0	2011-06-13.10:01:31	186	249	99
0	0	2011-06-13.10:01:35	171	249	101
6	3	2011-06-13.10:01:40	181	247	101
0	0	2011-06-13.10:01:45	175	247	105
6	3	2011-06-13.10:01:49	193	245	107
12	6	2011-06-13.10:01:54	209	245	107
9	3	2011-06-13.10:01:59	209	245	107
3	0	2011-06-13.10:02:03	192	253	105
0	0	2011-06-13.10:02:08	192	249	105
6	3	2011-06-13.10:02:13	192	249	105
0	0	2011-06-13.10:02:17	177	249	103
3	0	2011-06-13.10:02:22	163	249	103
6	3	2011-06-13.10:02:27	214	249	101
6	3	2011-06-13.10:02:31	253	249	101
6	3	2011-06-13.10:02:36	240	247	99
6	3	2011-06-13.10:02:41	301	247	101
0	0	2011-06-13.10:02:45	277	245	99
0	0	2011-06-13.10:02:50	255	245	101
6	3	2011-06-13.10:02:55	258	245	101
0	0	2011-06-13.10:03:00	238	245	103
3	0	2011-06-13.10:03:05	219	253	101
6	3	2011-06-13.10:03:09	265	249	101
12	6	2011-06-13.10:03:14	244	249	105
6	3	2011-06-13.10:03:19	240	250	105
6	3	2011-06-13.10:03:23	229	250	103
0	0	2011-06-13.10:03:28	211	250	101
0	0	2011-06-13.10:03:33	211	250	99
0	0	2011-06-13.10:03:37	194	248	101
6	3	2011-06-13.10:03:42	186	247	101
6	3	2011-06-13.10:03:47	195	245	101
12	6	2011-06-13.10:03:51	212	245	103
6	3	2011-06-13.10:03:56	203	245	103
0	0	2011-06-13.10:04:01	187	246	103
3	0	2011-06-13.10:04:05	172	253	101
6	3	2011-06-13.10:04:10	158	250	103
3	0	2011-06-13.10:04:15	145	249	103
3	0	2011-06-13.10:04:19	142	249	101
6	3	2011-06-13.10:04:24	146	249	101
6	3	2011-06-13.10:04:29	150	249	105
6	3	2011-06-13.10:04:33	138	249	105
3	0	2011-06-13.10:04:38	127	247	105
6	3	2011-06-13.10:04:43	127	247	105
6	3	2011-06-13.10:04:47	117	246	103
0	0	2011-06-13.10:04:52	116	246	107
0	0	2011-06-13.10:04:57	106	246	107
6	3	2011-06-13.10:05:01	98	254	105
6	3	2011-06-13.10:05:06	90	254	105
12	6	2011-06-13.10:05:11	99	250	105
6	3	2011-06-13.10:05:15	99	250	105
6	3	2011-06-13.10:05:20	91	250	107
0	0	2011-06-13.10:05:25	84	249	111
0	0	2011-06-13.10:05:29	77	249	107
0	0	2011-06-13.10:05:34	71	248	109
0	0	2011-06-13.10:05:39	65	246	109
12	6	2011-06-13.10:05:43	76	247	111
12	6	2011-06-13.10:05:48	78	244	107
6	3	2011-06-13.10:05:53	71	244	107
0	0	2011-06-13.10:05:57	71	245	111
3	0	2011-06-13.10:06:02	66	254	110
0	0	2011-06-13.10:06:07	60	250	110
9	3	2011-06-13.10:06:11	72	249	113
6	3	2011-06-13.10:06:16	74	249	111
6	3	2011-06-13.10:06:21	76	249	111
6	3	2011-06-13.10:06:25	70	249	109
6	3	2011-06-13.10:06:30	64	249	111
0	0	2011-06-13.10:06:35	59	249	111
6	3	2011-06-13.10:06:40	54	247	111
12	6	2011-06-13.10:06:44	90	247	111
0	0	2011-06-13.10:06:49	99	245	109
0	0	2011-06-13.10:06:54	91	245	105
0	0	2011-06-13.10:06:58	92	245	107
9	3	2011-06-13.10:07:03	92	253	105
6	3	2011-06-13.10:07:08	92	249	105
12	6	2011-06-13.10:07:12	101	249	103
3	0	2011-06-13.10:07:17	93	249	103
0	0	2011-06-13.10:07:22	85	249	103
0	0	2011-06-13.10:07:26	78	249	103
0	0	2011-06-13.10:07:31	80	249	101
0	0	2011-06-13.10:07:36	74	247	105
9	3	2011-06-13.10:07:41	68	247	107
9	3	2011-06-13.10:07:45	62	245	105
3	0	2011-06-13.10:07:50	57	245	115
0	0	2011-06-13.10:07:55	53	245	113
0	0	2011-06-13.10:07:59	48	244	111
3	0	2011-06-13.10:08:04	45	252	113
6	3	2011-06-13.10:08:09	41	248	115
6	3	2011-06-13.10:08:14	38	248	115
6	3	2011-06-13.10:08:18	43	248	113
6	3	2011-06-13.10:08:23	39	248	113
6	3	2011-06-13.10:08:28	39	248	113
0	0	2011-06-13.10:08:32	36	248	113
6	3	2011-06-13.10:08:37	33	246	109
6	3	2011-06-13.10:08:42	30	246	115
6	3	2011-06-13.10:08:46	28	244	115
0	0	2011-06-13.10:08:51	26	244	119
6	3	2011-06-13.10:08:56	24	245	119
9	3	2011-06-13.10:09:00	30	245	113
15	3	2011-06-13.10:09:05	35	253	113
9	3	2011-06-13.10:09:10	48	249	115
9	3	2011-06-13.10:09:15	77	249	115
3	0	2011-06-13.10:09:19	86	249	113
3	0	2011-06-13.10:09:24	80	249	117
3	0	2011-06-13.10:09:29	73	249	119
3	0	2011-06-13.10:09:33	91	249	117
9	3	2011-06-13.10:09:38	92	247	119
12	6	2011-06-13.10:09:43	101	247	121
6	3	2011-06-13.10:09:47	101	243	121
0	0	2011-06-13.10:09:52	93	243	123
0	0	2011-06-13.10:09:57	85	243	125
3	0	2011-06-13.10:10:02	78	251	123
3	0	2011-06-13.10:10:06	88	251	123
3	0	2011-06-13.10:10:11	81	247	127
9	3	2011-06-13.10:10:16	90	247	125
9	3	2011-06-13.10:10:20	115	247	123
6	3	2011-06-13.10:10:25	106	247	125
6	3	2011-06-13.10:10:30	97	247	127
3	0	2011-06-13.10:10:34	90	247	129
0	0	2011-06-13.10:10:39	82	245	129
6	3	2011-06-13.10:10:44	108	245	129
6	3	2011-06-13.10:10:49	107	243	129
6	3	2011-06-13.10:10:53	131	243	125
12	6	2011-06-13.10:10:58	136	244	125
15	6	2011-06-13.10:11:03	133	251	125
0	0	2011-06-13.10:11:07	133	247	123
3	0	2011-06-13.10:11:12	122	247	123
6	3	2011-06-13.10:11:17	129	247	123
3	3	2011-06-13.10:11:22	126	247	123
0	0	2011-06-13.10:11:26	116	247	129
6	3	2011-06-13.10:11:31	131	247	129
6	3	2011-06-13.10:11:36	128	247	129
6	3	2011-06-13.10:11:40	126	244	127
6	3	2011-06-13.10:11:45	124	244	127
6	3	2011-06-13.10:11:50	114	242	127
0	0	2011-06-13.10:11:55	105	242	129
6	3	2011-06-13.10:11:59	104	242	127
3	0	2011-06-13.10:12:04	96	250	129
6	3	2011-06-13.10:12:09	88	246	127
9	6	2011-06-13.10:12:13	97	246	127
12	6	2011-06-13.10:12:18	89	246	127
6	3	2011-06-13.10:12:23	82	246	125
6	3	2011-06-13.10:12:27	82	246	125
0	0	2011-06-13.10:12:32	76	246	127
0	0	2011-06-13.10:12:37	70	244	127
0	0	2011-06-13.10:12:42	64	244	129
12	6	2011-06-13.10:12:46	83	242	129
9	3	2011-06-13.10:12:51	84	242	129
12	6	2011-06-13.10:12:56	101	242	127
9	3	2011-06-13.10:13:00	117	242	125
3	0	2011-06-13.10:13:05	108	250	125
0	0	2011-06-13.10:13:10	99	246	123
6	3	2011-06-13.10:13:15	107	246	129
9	6	2011-06-13.10:13:19	107	246	127
6	3	2011-06-13.10:13:24	98	246	125
6	3	2011-06-13.10:13:29	90	246	125
6	3	2011-06-13.10:13:33	83	246	129
6	3	2011-06-13.10:13:38	76	244	129
6	3	2011-06-13.10:13:43	70	244	127
6	3	2011-06-13.10:13:48	70	242	127
6	3	2011-06-13.10:13:52	64	242	127
3	0	2011-06-13.10:13:57	75	242	129
3	0	2011-06-13.10:14:02	69	250	129
6	3	2011-06-13.10:14:06	64	246	127
6	3	2011-06-13.10:14:11	67	246	129
12	6	2011-06-13.10:14:16	77	246	127
12	6	2011-06-13.10:14:20	79	246	127
3	0	2011-06-13.10:14:25	81	246	125
0	0	2011-06-13.10:14:30	74	246	125
0	0	2011-06-13.10:14:35	68	246	127
0	0	2011-06-13.10:14:39	63	244	129
6	3	2011-06-13.10:14:44	74	244	127
12	6	2011-06-13.10:14:49	76	242	127
12	6	2011-06-13.10:14:53	70	242	127
6	3	2011-06-13.10:14:58	64	242	127
3	0	2011-06-13.10:15:03	59	250	125
0	0	2011-06-13.10:15:08	59	246	123
0	0	2011-06-13.10:15:12	54	246	119
9	3	2011-06-13.10:15:17	82	246	123
6	3	2011-06-13.10:15:22	99	246	121
6	3	2011-06-13.10:15:26	99	246	121
9	3	2011-06-13.10:15:31	99	246	121
6	3	2011-06-13.10:15:36	91	244	125
0	0	2011-06-13.10:15:41	84	244	121
12	6	2011-06-13.10:15:45	77	242	119
12	6	2011-06-13.10:15:50	103	242	119
0	0	2011-06-13.10:15:55	95	242	119
0	0	2011-06-13.10:16:00	87	242	123
9	3	2011-06-13.10:16:05	112	250	125
6	3	2011-06-13.10:16:09	119	245	129
12	6	2011-06-13.10:16:14	142	242	121
12	6	2011-06-13.10:16:19	130	242	121
0	0	2011-06-13.10:16:23	120	243	121
0	0	2011-06-13.10:16:28	110	243	121
0	0	2011-06-13.10:16:33	101	243	121
0	0	2011-06-13.10:16:37	101	241	119
6	3	2011-06-13.10:16:42	125	241	121
12	6	2011-06-13.10:16:47	139	239	121
12	6	2011-06-13.10:16:52	144	239	123
0	0	2011-06-13.10:16:56	133	239	121
3	0	2011-06-13.10:17:01	122	247	119
0	0	2011-06-13.10:17:06	112	247	119
0	0	2011-06-13.10:17:10	103	243	119
6	3	2011-06-13.10:17:15	135	243	119
12	6	2011-06-13.10:17:20	164	243	119
6	3	2011-06-13.10:17:24	159	243	119
6	3	2011-06-13.10:17:29	162	243	115
0	0	2011-06-13.10:17:34	165	243	115
0	0	2011-06-13.10:17:38	152	241	115
6	3	2011-06-13.10:17:43	148	241	115
9	3	2011-06-13.10:17:48	144	239	115
0	0	2011-06-13.10:17:53	144	239	115
6	3	2011-06-13.10:17:57	132	239	115
9	3	2011-06-13.10:18:02	130	247	117
6	3	2011-06-13.10:18:07	135	243	115
6	3	2011-06-13.10:18:12	125	243	111
6	3	2011-06-13.10:18:16	139	243	113
0	0	2011-06-13.10:18:21	127	243	111
0	0	2011-06-13.10:18:26	117	243	113
0	0	2011-06-13.10:18:31	108	243	113
0	0	2011-06-13.10:18:35	99	243	115
6	3	2011-06-13.10:18:40	115	241	117
12	6	2011-06-13.10:18:45	154	241	115
6	3	2011-06-13.10:18:49	142	239	115
0	0	2011-06-13.10:18:54	130	239	115
0	0	2011-06-13.10:18:59	120	239	117
3	0	2011-06-13.10:19:03	110	247	117
0	0	2011-06-13.10:19:08	133	243	117
6	3	2011-06-13.10:19:13	147	243	115
12	6	2011-06-13.10:19:17	147	243	115
12	6	2011-06-13.10:19:22	159	243	113
3	0	2011-06-13.10:19:27	146	243	113
0	0	2011-06-13.10:19:32	135	243	109
0	0	2011-06-13.10:19:36	124	241	111
6	3	2011-06-13.10:19:41	122	241	111
6	3	2011-06-13.10:19:46	112	239	113
6	3	2011-06-13.10:19:50	103	239	115
6	3	2011-06-13.10:19:55	111	239	113
6	3	2011-06-13.10:20:00	110	239	111
6	3	2011-06-13.10:20:04	101	247	111
6	3	2011-06-13.10:20:09	101	244	115
0	0	2011-06-13.10:20:14	93	243	117
6	3	2011-06-13.10:20:18	85	243	117
0	0	2011-06-13.10:20:23	79	243	123
0	0	2011-06-13.10:20:28	72	243	123
6	3	2011-06-13.10:20:34	90	243	119
6	3	2011-06-13.10:20:39	107	241	117
6	3	2011-06-13.10:20:43	99	241	117
9	3	2011-06-13.10:20:48	91	239	115
0	0	2011-06-13.10:20:53	83	239	113
0	0	2011-06-13.10:20:57	83	239	113
3	0	2011-06-13.10:21:02	77	247	117
6	3	2011-06-13.10:21:07	71	243	117
6	3	2011-06-13.10:21:12	73	243	117
12	6	2011-06-13.10:21:16	107	243	115
6	3	2011-06-13.10:21:21	131	243	115
0	0	2011-06-13.10:21:26	128	243	115
0	0	2011-06-13.10:21:30	118	243	119
6	3	2011-06-13.10:21:35	124	243	117
0	0	2011-06-13.10:21:40	114	241	119
0	0	2011-06-13.10:21:44	105	241	119
9	3	2011-06-13.10:21:49	105	239	119
6	3	2011-06-13.10:21:54	120	239	115
9	3	2011-06-13.10:21:58	127	239	121
9	3	2011-06-13.10:22:03	133	247	121
0	0	2011-06-13.10:22:08	122	243	123
0	0	2011-06-13.10:22:13	122	243	117
6	3	2011-06-13.10:22:17	112	243	119
6	3	2011-06-13.10:22:22	103	243	119
0	0	2011-06-13.10:22:27	95	243	123
6	3	2011-06-13.10:22:31	103	243	123
9	3	2011-06-13.10:22:37	103	241	123
6	3	2011-06-13.10:22:42	103	241	117
6	3	2011-06-13.10:22:47	94	240	115
0	0	2011-06-13.10:22:52	87	239	115
0	0	2011-06-13.10:22:57	80	239	115
6	3	2011-06-13.10:23:02	89	247	115
6	3	2011-06-13.10:23:06	82	247	115
6	3	2011-06-13.10:23:11	92	243	117
6	3	2011-06-13.10:23:16	92	243	117
12	6	2011-06-13.10:23:20	85	243	117
0	0	2011-06-13.10:23:25	78	243	113
6	3	2011-06-13.10:23:30	72	243	113
0	0	2011-06-13.10:23:34	66	243	115
0	0	2011-06-13.10:23:39	61	241	115
0	0	2011-06-13.10:23:44	56	241	117
9	3	2011-06-13.10:23:48	59	239	117
12	6	2011-06-13.10:23:53	63	239	117
6	3	2011-06-13.10:23:58	66	239	117
6	3	2011-06-13.10:24:02	66	247	119
0	0	2011-06-13.10:24:07	60	243	123
0	0	2011-06-13.10:24:12	55	243	121
0	0	2011-06-13.10:24:17	51	243	119
6	3	2011-06-13.10:24:21	55	243	119
9	6	2011-06-13.10:24:26	50	243	119
6	3	2011-06-13.10:24:31	46	243	117
6	3	2011-06-13.10:24:35	67	243	119
0	0	2011-06-13.10:24:40	61	241	117
0	0	2011-06-13.10:24:45	56	241	117
6	3	2011-06-13.10:24:50	68	239	115
6	3	2011-06-13.10:24:55	62	239	117
0	0	2011-06-13.10:25:00	57	239	117
6	3	2011-06-13.10:25:04	61	247	117
6	3	2011-06-13.10:25:09	64	243	119
6	3	2011-06-13.10:25:14	59	243	119
6	3	2011-06-13.10:25:18	62	243	117
6	3	2011-06-13.10:25:23	57	243	115
0	0	2011-06-13.10:25:28	52	243	113
0	0	2011-06-13.10:25:32	52	243	113
0	0	2011-06-13.10:25:37	48	241	115
3	0	2011-06-13.10:25:42	44	241	115
6	3	2011-06-13.10:25:47	49	239	113
15	6	2011-06-13.10:25:51	77	239	115
6	3	2011-06-13.10:25:56	79	239	113
0	0	2011-06-13.10:26:01	72	239	111
3	0	2011-06-13.10:26:05	66	247	107
0	0	2011-06-13.10:26:10	61	243	107
0	0	2011-06-13.10:26:15	56	243	105
9	3	2011-06-13.10:26:19	68	243	107
6	3	2011-06-13.10:26:24	62	243	107
6	3	2011-06-13.10:26:29	57	243	107
0	0	2011-06-13.10:26:33	53	243	109
0	0	2011-06-13.10:26:38	48	241	109
0	0	2011-06-13.10:26:43	48	241	111
3	0	2011-06-13.10:26:47	44	239	109
6	3	2011-06-13.10:26:52	49	239	107
3	0	2011-06-13.10:26:57	45	239	107
6	3	2011-06-13.10:27:01	49	239	105
9	3	2011-06-13.10:27:06	53	247	109
6	3	2011-06-13.10:27:11	57	243	107
0	0	2011-06-13.10:27:15	53	243	103
12	6	2011-06-13.10:27:20	80	243	99
0	0	2011-06-13.10:27:25	74	243	101
0	0	2011-06-13.10:27:29	68	243	105
0	0	2011-06-13.10:27:34	62	243	109
3	0	2011-06-13.10:27:39	65	241	105
6	3	2011-06-13.10:27:43	84	241	107
9	3	2011-06-13.10:27:48	77	239	109
6	3	2011-06-13.10:27:53	71	239	109
0	0	2011-06-13.10:27:57	71	239	105
3	0	2011-06-13.10:28:02	65	247	103
0	0	2011-06-13.10:28:07	60	243	101
0	0	2011-06-13.10:28:11	55	243	99
6	3	2011-06-13.10:28:16	51	243	101
12	6	2011-06-13.10:28:21	79	243	103
6	3	2011-06-13.10:28:25	72	243	103
0	0	2011-06-13.10:28:30	67	243	103
0	0	2011-06-13.10:28:35	61	243	101
0	0	2011-06-13.10:28:39	56	241	101
0	0	2011-06-13.10:28:44	60	241	101
6	3	2011-06-13.10:28:49	63	239	105
6	3	2011-06-13.10:28:53	58	239	109
6	3	2011-06-13.10:28:58	53	239	111
9	3	2011-06-13.10:29:03	49	247	111
6	3	2011-06-13.10:29:07	49	243	113
0	0	2011-06-13.10:29:12	45	243	115
6	3	2011-06-13.10:29:17	49	243	117
6	3	2011-06-13.10:29:22	61	243	117
0	0	2011-06-13.10:29:26	56	243	117
0	0	2011-06-13.10:29:31	52	243	115
6	3	2011-06-13.10:29:36	56	243	115
9	3	2011-06-13.10:29:40	51	241	115
9	3	2011-06-13.10:29:45	47	241	115
9	6	2011-06-13.10:29:50	67	239	119
6	3	2011-06-13.10:29:54	62	239	119
0	0	2011-06-13.10:29:59	57	239	121
3	0	2011-06-13.10:30:04	52	247	121
0	0	2011-06-13.10:30:08	48	243	121
6	3	2011-06-13.10:30:13	68	243	119
6	3	2011-06-13.10:30:18	87	243	121
15	6	2011-06-13.10:30:23	87	243	117
0	0	2011-06-13.10:30:27	80	243	115
0	0	2011-06-13.10:30:32	73	243	113
0	0	2011-06-13.10:30:37	68	241	113
3	0	2011-06-13.10:30:41	62	241	113
0	0	2011-06-13.10:30:46	57	239	109
6	3	2011-06-13.10:30:51	85	239	111
12	6	2011-06-13.10:30:55	102	239	111
6	3	2011-06-13.10:31:00	110	239	115
6	3	2011-06-13.10:31:05	101	247	115
6	3	2011-06-13.10:31:09	117	243	113
0	0	2011-06-13.10:31:14	115	243	115
3	0	2011-06-13.10:31:19	114	243	119
6	3	2011-06-13.10:31:23	105	243	117
3	0	2011-06-13.10:31:28	137	243	115
6	3	2011-06-13.10:31:33	150	243	111
12	6	2011-06-13.10:31:38	150	241	111
6	3	2011-06-13.10:31:42	170	241	109
0	0	2011-06-13.10:31:47	164	239	111
6	3	2011-06-13.10:31:52	175	239	109
3	0	2011-06-13.10:31:56	185	239	109
3	0	2011-06-13.10:32:01	170	247	109
0	0	2011-06-13.10:32:06	156	247	107
6	3	2011-06-13.10:32:10	168	243	107
6	3	2011-06-13.10:32:15	170	243	105
6	3	2011-06-13.10:32:20	205	243	101
6	3	2011-06-13.10:32:24	188	243	103
0	0	2011-06-13.10:32:29	173	243	105
0	0	2011-06-13.10:32:34	159	243	109
6	3	2011-06-13.10:32:38	147	241	109
0	0	2011-06-13.10:32:43	135	241	109
3	0	2011-06-13.10:32:48	132	239	111
12	6	2011-06-13.10:32:52	132	239	113
6	3	2011-06-13.10:32:57	169	239	113
3	0	2011-06-13.10:33:02	156	247	115
3	0	2011-06-13.10:33:06	159	243	111
0	0	2011-06-13.10:33:11	147	243	111
0	0	2011-06-13.10:33:16	135	243	107
6	3	2011-06-13.10:33:20	124	243	107
6	3	2011-06-13.10:33:25	114	243	107
6	3	2011-06-13.10:33:30	105	243	107
12	6	2011-06-13.10:33:34	96	243	105
0	0	2011-06-13.10:33:39	89	241	103
0	0	2011-06-13.10:33:44	82	241	101
0	0	2011-06-13.10:33:48	83	239	99
6	3	2011-06-13.10:33:53	84	239	99
0	0	2011-06-13.10:33:58	78	239	99
6	3	2011-06-13.10:34:02	78	247	99
6	3	2011-06-13.10:34:07	87	243	101
6	3	2011-06-13.10:34:12	88	243	101
0	0	2011-06-13.10:34:16	81	243	105
6	3	2011-06-13.10:34:21	75	243	105
0	0	2011-06-13.10:34:26	69	243	103
0	0	2011-06-13.10:34:30	63	243	105
0	0	2011-06-13.10:34:35	66	243	105
0	0	2011-06-13.10:34:40	61	241	107
6	3	2011-06-13.10:34:44	64	241	107
6	3	2011-06-13.10:34:49	83	239	107
12	6	2011-06-13.10:34:54	92	239	109
6	3	2011-06-13.10:34:58	93	239	107
6	3	2011-06-13.10:35:03	85	247	105
0	0	2011-06-13.10:35:08	78	243	103
0	0	2011-06-13.10:35:13	78	243	103
0	0	2011-06-13.10:35:17	72	243	101
6	3	2011-06-13.10:35:22	66	243	103
12	6	2011-06-13.10:35:26	69	243	101
9	3	2011-06-13.10:35:31	79	243	101
0	0	2011-06-13.10:35:36	73	241	97
0	0	2011-06-13.10:35:40	75	241	97
0	0	2011-06-13.10:35:45	69	239	97
0	0	2011-06-13.10:35:50	64	239	101
6	3	2011-06-13.10:35:54	58	239	97
6	3	2011-06-13.10:35:59	62	239	97
9	3	2011-06-13.10:36:04	65	247	97
6	3	2011-06-13.10:36:08	60	243	99
3	0	2011-06-13.10:36:13	55	243	98
0	0	2011-06-13.10:36:18	50	243	102
6	3	2011-06-13.10:36:22	50	243	102
6	3	2011-06-13.10:36:27	54	243	99
0	0	2011-06-13.10:36:32	58	243	98
0	0	2011-06-13.10:36:36	61	241	100
6	3	2011-06-13.10:36:41	56	241	102
9	3	2011-06-13.10:36:46	52	239	98
6	3	2011-06-13.10:36:50	48	239	100
6	3	2011-06-13.10:36:55	44	239	98
3	0	2011-06-13.10:37:00	48	240	98
3	0	2011-06-13.10:37:04	44	248	100
0	0	2011-06-13.10:37:09	41	244	100
0	0	2011-06-13.10:37:14	38	244	99
3	0	2011-06-13.10:37:18	67	244	97
9	3	2011-06-13.10:37:23	85	243	99
9	3	2011-06-13.10:37:28	102	243	97
0	0	2011-06-13.10:37:32	102	243	95
0	0	2011-06-13.10:37:37	94	241	95
0	0	2011-06-13.10:37:42	87	241	95
0	0	2011-06-13.10:37:46	80	239	97
0	0	2011-06-13.10:37:51	73	239	97
6	3	2011-06-13.10:37:56	91	239	93
6	3	2011-06-13.10:38:00	108	239	95
6	3	2011-06-13.10:38:05	123	247	95
0	0	2011-06-13.10:38:10	113	243	95
0	0	2011-06-13.10:38:14	104	243	95
0	0	2011-06-13.10:38:19	112	243	95
6	3	2011-06-13.10:38:24	119	243	95
0	0	2011-06-13.10:38:28	109	243	93
0	0	2011-06-13.10:38:33	101	243	93
6	3	2011-06-13.10:38:38	101	241	93
6	3	2011-06-13.10:38:48	93	239	91
9	3	2011-06-13.10:38:53	94	239	91
0	0	2011-06-13.10:38:58	94	239	89
3	0	2011-06-13.10:39:02	94	247	91
0	0	2011-06-13.10:39:07	87	243	91
0	0	2011-06-13.10:39:12	80	243	93
3	0	2011-06-13.10:39:16	73	243	93
9	3	2011-06-13.10:39:21	91	243	95
6	3	2011-06-13.10:39:26	92	243	97
0	0	2011-06-13.10:39:30	85	243	95
0	0	2011-06-13.10:39:35	78	243	95
0	0	2011-06-13.10:39:40	72	241	97
0	0	2011-06-13.10:39:44	66	241	97
6	3	2011-06-13.10:39:49	93	239	93
9	3	2011-06-13.10:39:54	125	239	93
9	3	2011-06-13.10:39:58	147	239	93
6	3	2011-06-13.10:40:03	135	247	93
0	0	2011-06-13.10:40:07	135	243	95
0	0	2011-06-13.10:40:12	125	243	95
6	3	2011-06-13.10:40:17	114	243	97
6	3	2011-06-13.10:40:21	105	243	97
3	0	2011-06-13.10:40:26	97	244	97
3	0	2011-06-13.10:40:31	89	243	95
6	3	2011-06-13.10:40:35	90	243	99
6	3	2011-06-13.10:40:40	83	241	99
6	3	2011-06-13.10:40:45	92	241	99
6	3	2011-06-13.10:40:49	85	239	99
6	3	2011-06-13.10:40:54	78	239	103
0	0	2011-06-13.10:40:59	72	239	103
3	0	2011-06-13.10:41:04	66	247	101
0	0	2011-06-13.10:41:08	61	243	99
6	3	2011-06-13.10:41:13	72	243	99
12	6	2011-06-13.10:41:18	66	243	95
6	3	2011-06-13.10:41:23	66	243	97
3	0	2011-06-13.10:41:27	77	243	99
0	0	2011-06-13.10:41:32	70	243	97
0	0	2011-06-13.10:41:37	65	241	97
0	0	2011-06-13.10:41:41	60	241	95
6	3	2011-06-13.10:41:46	55	240	93
6	3	2011-06-13.10:41:51	58	239	93
12	6	2011-06-13.10:41:55	86	239	93
6	3	2011-06-13.10:42:00	79	239	101
3	0	2011-06-13.10:42:05	72	247	97
0	0	2011-06-13.10:42:09	67	243	98
6	3	2011-06-13.10:42:14	61	243	106
3	0	2011-06-13.10:42:19	64	244	106
3	0	2011-06-13.10:42:23	75	244	106
6	3	2011-06-13.10:42:28	69	244	108
6	3	2011-06-13.10:42:33	69	244	108
12	6	2011-06-13.10:42:37	72	242	108
6	3	2011-06-13.10:42:42	82	242	112
0	0	2011-06-13.10:42:47	75	239	111
0	0	2011-06-13.10:42:51	69	239	109
6	3	2011-06-13.10:42:56	72	239	111
0	0	2011-06-13.10:43:01	66	239	115
3	0	2011-06-13.10:43:05	61	247	115
6	3	2011-06-13.10:43:10	64	243	114
6	3	2011-06-13.10:43:15	75	243	112
6	3	2011-06-13.10:43:19	69	244	110
6	3	2011-06-13.10:43:24	71	244	108
6	3	2011-06-13.10:43:29	65	244	108
0	0	2011-06-13.10:43:34	60	244	104
6	3	2011-06-13.10:43:38	63	242	110
0	0	2011-06-13.10:43:43	58	242	112
6	3	2011-06-13.10:43:48	58	239	113
6	3	2011-06-13.10:43:52	54	239	113
12	6	2011-06-13.10:43:57	57	239	109
3	0	2011-06-13.10:44:02	53	247	107
6	3	2011-06-13.10:44:06	48	247	107
3	3	2011-06-13.10:44:11	60	243	113
0	0	2011-06-13.10:44:16	56	243	113
0	0	2011-06-13.10:44:21	51	243	113
9	3	2011-06-13.10:44:25	63	243	113
12	6	2011-06-13.10:44:30	66	243	113
9	3	2011-06-13.10:44:35	77	243	113
6	3	2011-06-13.10:44:39	70	241	111
0	0	2011-06-13.10:44:44	65	241	115
0	0	2011-06-13.10:44:49	60	239	115
0	0	2011-06-13.10:44:53	55	239	117
6	3	2011-06-13.10:44:58	50	238	119
6	3	2011-06-13.10:45:03	70	246	119
6	3	2011-06-13.10:45:07	70	242	121
6	3	2011-06-13.10:45:12	97	242	121
6	3	2011-06-13.10:45:17	97	242	121
0	0	2011-06-13.10:45:22	89	242	123
6	3	2011-06-13.10:45:26	90	242	125
6	3	2011-06-13.10:45:31	83	242	125
6	3	2011-06-13.10:45:36	76	242	119
0	0	2011-06-13.10:45:40	70	240	119
6	3	2011-06-13.10:45:45	72	240	115
6	3	2011-06-13.10:45:50	67	238	121
12	6	2011-06-13.10:45:54	61	238	123
12	6	2011-06-13.10:45:59	56	238	125
6	3	2011-06-13.10:46:04	52	246	125
0	0	2011-06-13.10:46:09	48	242	127
0	0	2011-06-13.10:46:13	44	242	125
0	0	2011-06-13.10:46:18	40	242	125
3	0	2011-06-13.10:46:23	40	242	125
12	6	2011-06-13.10:46:27	45	242	127
15	6	2011-06-13.10:46:32	57	242	127
3	0	2011-06-13.10:46:37	77	240	127
0	0	2011-06-13.10:46:41	79	240	127
0	0	2011-06-13.10:46:46	72	238	127
0	0	2011-06-13.10:46:51	66	238	125
6	3	2011-06-13.10:46:56	61	238	123
15	6	2011-06-13.10:47:00	96	238	125
12	6	2011-06-13.10:47:05	113	246	129
6	3	2011-06-13.10:47:10	112	242	123
6	3	2011-06-13.10:47:14	103	242	121
0	0	2011-06-13.10:47:19	94	242	121
0	0	2011-06-13.10:47:24	87	242	121
12	6	2011-06-13.10:47:28	96	242	123
6	3	2011-06-13.10:47:33	88	242	123
3	0	2011-06-13.10:47:38	97	240	123
6	3	2011-06-13.10:47:43	97	240	121
9	3	2011-06-13.10:47:47	89	238	119
6	3	2011-06-13.10:47:52	106	238	117
12	6	2011-06-13.10:47:57	98	238	117
6	3	2011-06-13.10:48:02	90	248	115
0	0	2011-06-13.10:48:07	83	242	115
0	0	2011-06-13.10:48:11	76	242	117
0	0	2011-06-13.10:48:16	70	242	117
6	3	2011-06-13.10:48:21	72	242	121
12	6	2011-06-13.10:48:25	90	242	123
12	6	2011-06-13.10:48:30	131	242	121
0	0	2011-06-13.10:48:35	121	242	117
0	0	2011-06-13.10:48:40	111	240	119
0	0	2011-06-13.10:48:44	102	240	115
0	0	2011-06-13.10:48:49	94	238	115
6	3	2011-06-13.10:48:54	102	238	117
12	6	2011-06-13.10:48:58	118	238	117
12	6	2011-06-13.10:49:03	117	246	115
6	3	2011-06-13.10:49:08	117	242	115
0	0	2011-06-13.10:49:12	107	242	115
0	0	2011-06-13.10:49:17	99	242	113
0	0	2011-06-13.10:49:22	91	242	113
6	3	2011-06-13.10:49:26	83	242	111
6	3	2011-06-13.10:49:31	77	242	113
6	3	2011-06-13.10:49:36	79	240	113
6	3	2011-06-13.10:49:40	72	240	111
6	3	2011-06-13.10:49:45	66	238	111
0	0	2011-06-13.10:49:50	61	238	109
6	3	2011-06-13.10:49:55	80	238	113
6	3	2011-06-13.10:49:59	90	238	111
3	0	2011-06-13.10:50:04	83	246	111
0	0	2011-06-13.10:50:09	76	242	111
3	0	2011-06-13.10:50:13	70	242	103
9	3	2011-06-13.10:50:18	72	242	101
6	3	2011-06-13.10:50:23	72	242	101
6	3	2011-06-13.10:50:28	74	242	99
0	0	2011-06-13.10:50:32	68	242	97
0	0	2011-06-13.10:50:37	63	240	97
0	0	2011-06-13.10:50:42	58	240	99
0	0	2011-06-13.10:50:47	53	238	97
3	0	2011-06-13.10:50:51	73	238	95
9	3	2011-06-13.10:50:56	91	238	97
6	3	2011-06-13.10:51:01	100	238	99
3	0	2011-06-13.10:51:05	92	246	103
0	0	2011-06-13.10:51:10	84	242	107
0	0	2011-06-13.10:51:15	78	242	109
6	3	2011-06-13.10:51:19	71	242	107
0	0	2011-06-13.10:51:24	66	242	113
6	3	2011-06-13.10:51:29	68	242	113
6	3	2011-06-13.10:51:33	79	242	119
6	3	2011-06-13.10:51:38	72	240	119
6	3	2011-06-13.10:51:43	72	240	119
6	3	2011-06-13.10:51:47	67	238	119
6	3	2011-06-13.10:51:52	77	238	123
6	3	2011-06-13.10:51:57	71	238	123
9	3	2011-06-13.10:52:01	65	246	123
3	0	2011-06-13.10:52:06	60	242	123
6	3	2011-06-13.10:52:11	63	242	125
12	6	2011-06-13.10:52:16	58	242	123
9	3	2011-06-13.10:52:20	54	242	127
6	3	2011-06-13.10:52:25	49	242	133
6	3	2011-06-13.10:52:30	69	242	133
6	3	2011-06-13.10:52:34	64	242	131
0	0	2011-06-13.10:52:39	67	240	127
0	0	2011-06-13.10:52:44	77	240	133
6	3	2011-06-13.10:52:49	87	238	131
6	3	2011-06-13.10:52:53	88	238	129
12	6	2011-06-13.10:52:58	121	238	131
15	6	2011-06-13.10:53:03	121	246	129
0	0	2011-06-13.10:53:07	111	242	127
3	0	2011-06-13.10:53:12	110	242	127
3	0	2011-06-13.10:53:17	118	242	127
0	0	2011-06-13.10:53:22	108	242	125
3	0	2011-06-13.10:53:26	99	242	125
12	6	2011-06-13.10:53:31	123	242	125
9	6	2011-06-13.10:53:36	114	240	125
6	3	2011-06-13.10:53:40	144	240	121
3	0	2011-06-13.10:53:45	141	239	120
0	0	2011-06-13.10:53:50	130	239	124
0	0	2011-06-13.10:53:54	119	238	121
6	3	2011-06-13.10:53:59	126	238	123
9	3	2011-06-13.10:54:04	124	246	125
6	3	2011-06-13.10:54:09	122	242	125
6	3	2011-06-13.10:54:13	152	242	123
6	3	2011-06-13.10:54:18	172	242	123
0	0	2011-06-13.10:54:23	172	242	123
6	3	2011-06-13.10:54:27	158	242	123
6	3	2011-06-13.10:54:32	169	242	123
6	3	2011-06-13.10:54:37	196	240	125
6	3	2011-06-13.10:54:42	188	240	123
6	3	2011-06-13.10:54:46	181	238	119
9	3	2011-06-13.10:54:51	206	238	119
6	3	2011-06-13.10:54:56	190	238	121
9	6	2011-06-13.10:55:00	175	238	121
6	3	2011-06-13.10:55:05	161	246	121
3	0	2011-06-13.10:55:10	148	242	119
0	0	2011-06-13.10:55:14	136	242	119
0	0	2011-06-13.10:55:19	125	242	125
6	3	2011-06-13.10:55:24	123	242	129
9	3	2011-06-13.10:55:29	121	242	129
18	9	2011-06-13.10:55:33	111	242	125
6	3	2011-06-13.10:55:38	118	240	127
0	0	2011-06-13.10:55:43	118	240	127
0	0	2011-06-13.10:55:47	109	238	129
0	0	2011-06-13.10:55:52	100	238	131
0	0	2011-06-13.10:55:57	92	239	133
12	6	2011-06-13.10:56:01	101	249	135
12	6	2011-06-13.10:56:06	141	245	133
12	6	2011-06-13.10:56:11	145	243	131
6	3	2011-06-13.10:56:16	158	243	133
3	0	2011-06-13.10:56:20	145	243	137
0	0	2011-06-13.10:56:25	141	243	133
6	3	2011-06-13.10:56:30	146	243	131
12	6	2011-06-13.10:56:35	134	243	131
6	3	2011-06-13.10:56:39	124	241	131
6	3	2011-06-13.10:56:44	122	241	133
6	3	2011-06-13.10:56:49	120	239	131
6	3	2011-06-13.10:56:53	110	239	131
6	3	2011-06-13.10:56:58	126	239	131
12	6	2011-06-13.10:57:03	172	247	131
6	3	2011-06-13.10:57:08	172	243	131
0	0	2011-06-13.10:57:12	158	243	129
0	0	2011-06-13.10:57:17	145	243	125
6	3	2011-06-13.10:57:22	133	243	125
6	3	2011-06-13.10:57:26	123	243	123
12	6	2011-06-13.10:57:31	113	243	123
9	6	2011-06-13.10:57:36	128	241	125
0	0	2011-06-13.10:57:40	118	241	125
0	0	2011-06-13.10:57:45	108	239	125
0	0	2011-06-13.10:57:50	100	239	123
0	0	2011-06-13.10:57:55	91	239	125
6	3	2011-06-13.10:57:59	100	239	127
15	6	2011-06-13.10:58:04	116	247	127
9	3	2011-06-13.10:58:09	115	243	121
6	3	2011-06-13.10:58:14	106	243	123
0	0	2011-06-13.10:58:19	105	243	121
0	0	2011-06-13.10:58:23	97	243	121
0	0	2011-06-13.10:58:28	89	243	121
12	6	2011-06-13.10:58:33	82	243	119
6	3	2011-06-13.10:58:38	82	241	119
6	3	2011-06-13.10:58:42	83	241	119
6	3	2011-06-13.10:58:47	76	239	121
3	0	2011-06-13.10:58:52	70	239	119
0	0	2011-06-13.10:58:56	65	239	119
12	6	2011-06-13.10:59:01	91	239	119
6	3	2011-06-13.10:59:06	84	247	119
0	0	2011-06-13.10:59:11	77	243	117
6	3	2011-06-13.10:59:16	71	243	119
6	3	2011-06-13.10:59:21	65	243	119
9	3	2011-06-13.10:59:25	60	243	121
12	6	2011-06-13.10:59:30	71	243	119
6	3	2011-06-13.10:59:35	66	243	115
0	0	2011-06-13.10:59:39	60	241	115
0	0	2011-06-13.10:59:44	56	241	113
0	0	2011-06-13.10:59:49	51	239	111
0	0	2011-06-13.10:59:53	63	239	113
6	3	2011-06-13.10:59:58	82	239	111
15	6	2011-06-13.11:00:03	75	247	111
3	0	2011-06-13.11:00:07	75	243	111
0	0	2011-06-13.11:00:12	69	243	111
0	0	2011-06-13.11:00:17	64	242	115
0	0	2011-06-13.11:00:22	59	242	115
6	3	2011-06-13.11:00:26	54	242	115
6	3	2011-06-13.11:00:31	57	242	117
12	6	2011-06-13.11:00:36	61	242	117
6	3	2011-06-13.11:00:40	64	240	117
6	3	2011-06-13.11:00:45	59	240	115
0	0	2011-06-13.11:00:50	54	238	113
6	3	2011-06-13.11:00:54	50	238	111
6	3	2011-06-13.11:00:59	46	238	113
6	3	2011-06-13.11:01:04	50	246	113
0	0	2011-06-13.11:01:08	46	242	117
6	3	2011-06-13.11:01:13	50	242	115
6	3	2011-06-13.11:01:18	46	242	115
12	6	2011-06-13.11:01:23	46	242	113
6	3	2011-06-13.11:01:27	43	242	113
6	3	2011-06-13.11:01:32	47	242	115
3	0	2011-06-13.11:01:37	43	241	116
0	0	2011-06-13.11:01:41	40	241	116
0	0	2011-06-13.11:01:46	37	239	116
6	3	2011-06-13.11:01:51	42	239	112
6	3	2011-06-13.11:01:55	46	239	112
12	6	2011-06-13.11:02:00	67	239	116
9	3	2011-06-13.11:02:05	61	247	116
0	0	2011-06-13.11:02:09	56	243	116
0	0	2011-06-13.11:02:14	52	243	114
0	0	2011-06-13.11:02:19	48	243	116
6	3	2011-06-13.11:02:23	44	243	116
6	3	2011-06-13.11:02:28	48	243	120
9	3	2011-06-13.11:02:33	60	243	120
12	6	2011-06-13.11:02:38	60	241	116
6	3	2011-06-13.11:02:42	56	241	120
0	0	2011-06-13.11:02:47	51	239	120
6	3	2011-06-13.11:02:52	47	239	120
0	0	2011-06-13.11:02:56	43	239	124
0	0	2011-06-13.11:03:01	48	239	126
9	3	2011-06-13.11:03:06	44	247	128
9	3	2011-06-13.11:03:10	40	243	128
9	3	2011-06-13.11:03:15	69	243	128
12	6	2011-06-13.11:03:20	104	243	128
0	0	2011-06-13.11:03:25	111	243	128
0	0	2011-06-13.11:03:29	102	243	128
6	3	2011-06-13.11:03:34	94	243	126
6	3	2011-06-13.11:03:39	87	241	120
0	0	2011-06-13.11:03:43	88	241	122
6	3	2011-06-13.11:03:48	105	239	120
6	3	2011-06-13.11:03:53	96	239	122
6	3	2011-06-13.11:03:58	96	240	122
6	3	2011-06-13.11:04:02	89	248	122
6	3	2011-06-13.11:04:07	89	244	120
0	0	2011-06-13.11:04:12	82	244	122
6	3	2011-06-13.11:04:16	84	244	122
0	0	2011-06-13.11:04:21	85	244	122
6	3	2011-06-13.11:04:26	78	244	124
9	3	2011-06-13.11:04:30	72	244	120
15	6	2011-06-13.11:04:35	74	243	124
6	3	2011-06-13.11:04:40	68	241	126
6	3	2011-06-13.11:04:45	63	242	126
0	0	2011-06-13.11:04:49	58	240	124
0	0	2011-06-13.11:04:54	53	240	126
0	0	2011-06-13.11:04:59	49	240	128
9	3	2011-06-13.11:05:03	61	248	126
12	6	2011-06-13.11:05:08	64	243	130
12	6	2011-06-13.11:05:13	75	243	132
9	3	2011-06-13.11:05:17	75	243	132
3	0	2011-06-13.11:05:22	69	243	134
0	0	2011-06-13.11:05:27	63	243	130
0	0	2011-06-13.11:05:32	58	242	131
6	3	2011-06-13.11:05:36	54	240	131
6	3	2011-06-13.11:05:41	57	240	131
6	3	2011-06-13.11:05:46	93	238	133
9	3	2011-06-13.11:05:51	109	238	135
12	6	2011-06-13.11:05:55	108	238	133
3	0	2011-06-13.11:06:00	108	238	135
9	3	2011-06-13.11:06:05	107	247	135
12	6	2011-06-13.11:06:09	131	243	139
3	0	2011-06-13.11:06:14	120	243	141
0	0	2011-06-13.11:06:19	135	243	141
6	3	2011-06-13.11:06:24	148	243	143
6	3	2011-06-13.11:06:28	184	243	145
6	3	2011-06-13.11:06:33	193	243	149
12	6	2011-06-13.11:06:38	242	241	149
6	3	2011-06-13.11:06:43	242	241	147
0	0	2011-06-13.11:06:47	222	239	149
0	0	2011-06-13.11:06:52	205	239	149
0	0	2011-06-13.11:06:57	188	239	145
6	3	2011-06-13.11:07:02	173	247	143
6	3	2011-06-13.11:07:06	159	243	141
12	6	2011-06-13.11:07:11	186	243	139
3	0	2011-06-13.11:07:16	172	243	139
0	0	2011-06-13.11:07:21	158	243	137
0	0	2011-06-13.11:07:25	185	243	141
0	0	2011-06-13.11:07:30	170	243	141
6	3	2011-06-13.11:07:35	165	243	139
12	6	2011-06-13.11:07:39	167	241	143
6	3	2011-06-13.11:07:44	162	241	147
6	3	2011-06-13.11:07:49	157	239	147
6	3	2011-06-13.11:07:54	168	239	149
3	0	2011-06-13.11:07:58	155	239	153
9	3	2011-06-13.11:08:03	183	247	155
15	6	2011-06-13.11:08:08	184	243	157
6	3	2011-06-13.11:08:13	184	243	159
6	3	2011-06-13.11:08:18	169	243	163
6	3	2011-06-13.11:08:22	172	243	163
9	3	2011-06-13.11:08:27	174	243	167
12	6	2011-06-13.11:08:32	184	243	167
12	6	2011-06-13.11:08:37	217	241	163
6	3	2011-06-13.11:08:41	248	241	161
0	0	2011-06-13.11:08:46	228	239	167
0	0	2011-06-13.11:08:51	210	239	169
0	0	2011-06-13.11:08:56	193	239	171
6	3	2011-06-13.11:09:01	193	239	177
12	6	2011-06-13.11:09:05	202	247	179
15	9	2011-06-13.11:09:10	202	243	175
6	3	2011-06-13.11:09:15	186	243	175
6	3	2011-06-13.11:09:20	171	243	173
0	0	2011-06-13.11:09:25	157	243	173
0	0	2011-06-13.11:09:29	160	243	171
6	3	2011-06-13.11:09:34	164	243	171
15	9	2011-06-13.11:09:39	182	241	165
18	9	2011-06-13.11:09:44	208	241	167
6	3	2011-06-13.11:09:49	223	239	171
6	3	2011-06-13.11:09:53	205	239	169
6	3	2011-06-13.11:09:58	189	239	171
9	3	2011-06-13.11:10:03	190	247	171
12	6	2011-06-13.11:10:08	198	243	169
12	6	2011-06-13.11:10:13	198	243	173
6	3	2011-06-13.11:10:17	191	243	173
9	3	2011-06-13.11:10:22	175	243	173
12	6	2011-06-13.11:10:27	169	243	171
12	6	2011-06-13.11:10:32	172	243	175
9	6	2011-06-13.11:10:37	174	241	173
9	6	2011-06-13.11:10:41	184	241	169
6	3	2011-06-13.11:10:46	177	239	173
3	0	2011-06-13.11:10:51	163	239	175
6	3	2011-06-13.11:10:56	150	239	173
12	6	2011-06-13.11:11:01	170	239	171
12	6	2011-06-13.11:11:05	172	247	167
12	6	2011-06-13.11:11:10	175	243	163
6	3	2011-06-13.11:11:15	161	243	163
0	0	2011-06-13.11:11:20	148	243	159
0	0	2011-06-13.11:11:25	136	243	167
3	0	2011-06-13.11:11:29	149	243	169
6	3	2011-06-13.11:11:34	169	243	173
9	3	2011-06-13.11:11:39	187	241	175
12	6	2011-06-13.11:11:44	180	241	175
9	3	2011-06-13.11:11:49	166	239	175
6	3	2011-06-13.11:11:53	169	239	179
6	3	2011-06-13.11:11:58	163	239	177
3	0	2011-06-13.11:12:03	150	247	177
12	6	2011-06-13.11:12:08	154	243	177
12	6	2011-06-13.11:12:13	154	243	177
12	6	2011-06-13.11:12:17	142	243	177
12	6	2011-06-13.11:12:22	146	243	177
12	6	2011-06-13.11:12:27	143	243	177
6	3	2011-06-13.11:12:32	131	243	173
6	3	2011-06-13.11:12:37	121	241	173
12	6	2011-06-13.11:12:42	119	241	177
6	3	2011-06-13.11:12:47	157	239	175
6	3	2011-06-13.11:12:52	161	239	177
9	3	2011-06-13.11:12:57	172	239	177
9	3	2011-06-13.11:13:02	206	247	177
12	6	2011-06-13.11:13:06	214	243	177
12	6	2011-06-13.11:13:11	229	243	175
6	3	2011-06-13.11:13:16	210	243	177
3	0	2011-06-13.11:13:21	193	243	175
6	3	2011-06-13.11:13:26	178	243	171
6	3	2011-06-13.11:13:30	172	243	169
12	6	2011-06-13.11:13:35	182	243	165
15	9	2011-06-13.11:13:40	175	241	165
12	6	2011-06-13.11:13:45	169	241	165
6	3	2011-06-13.11:13:49	156	239	163
6	3	2011-06-13.11:13:54	143	239	163
0	0	2011-06-13.11:13:59	132	239	161
6	3	2011-06-13.11:14:04	121	247	159
15	9	2011-06-13.11:14:09	135	243	159
15	9	2011-06-13.11:14:13	157	243	157
9	3	2011-06-13.11:14:18	160	243	157
6	3	2011-06-13.11:14:23	147	243	161
3	0	2011-06-13.11:14:28	147	243	161
0	0	2011-06-13.11:14:32	135	243	163
6	3	2011-06-13.11:14:37	173	241	157
12	6	2011-06-13.11:14:42	167	241	155
6	3	2011-06-13.11:14:47	153	239	157
6	3	2011-06-13.11:14:52	149	239	155
9	3	2011-06-13.11:14:56	153	239	153
6	3	2011-06-13.11:15:01	141	239	155
9	3	2011-06-13.11:15:06	138	247	153
12	6	2011-06-13.11:15:11	135	243	155
6	3	2011-06-13.11:15:15	124	243	151
3	0	2011-06-13.11:15:20	114	243	149
6	3	2011-06-13.11:15:25	105	243	149
6	3	2011-06-13.11:15:30	112	243	151
9	6	2011-06-13.11:15:34	119	243	157
12	6	2011-06-13.11:15:39	118	241	153
9	6	2011-06-13.11:15:44	108	241	151
6	3	2011-06-13.11:15:49	100	239	153
0	0	2011-06-13.11:15:53	92	239	157
0	0	2011-06-13.11:15:58	84	239	161
6	3	2011-06-13.11:16:03	77	247	161
12	6	2011-06-13.11:16:08	77	243	161
15	9	2011-06-13.11:16:12	95	243	157
12	6	2011-06-13.11:16:17	88	243	155
6	3	2011-06-13.11:16:22	113	243	159
0	0	2011-06-13.11:16:27	104	243	157
0	0	2011-06-13.11:16:32	95	243	155
0	0	2011-06-13.11:16:36	104	241	157
12	6	2011-06-13.11:16:41	111	241	157
12	6	2011-06-13.11:16:46	134	239	157
6	3	2011-06-13.11:16:51	124	239	159
6	3	2011-06-13.11:16:55	114	239	157
6	3	2011-06-13.11:17:00	129	239	159
6	3	2011-06-13.11:17:05	118	247	161
12	6	2011-06-13.11:17:10	165	243	159
12	6	2011-06-13.11:17:14	176	243	161
6	3	2011-06-13.11:17:19	170	243	165
6	3	2011-06-13.11:17:24	172	243	165
6	3	2011-06-13.11:17:29	158	243	165
6	3	2011-06-13.11:17:34	161	243	167
15	6	2011-06-13.11:17:39	173	241	163
12	6	2011-06-13.11:17:43	159	241	163
0	0	2011-06-13.11:17:48	146	239	161
0	0	2011-06-13.11:17:53	134	239	161
3	0	2011-06-13.11:17:58	134	239	161
9	3	2011-06-13.11:18:02	131	247	159
12	6	2011-06-13.11:18:07	129	243	165
15	6	2011-06-13.11:18:12	127	243	161
9	3	2011-06-13.11:18:17	140	243	161
0	0	2011-06-13.11:18:22	137	243	161
0	0	2011-06-13.11:18:26	126	243	161
0	0	2011-06-13.11:18:31	116	243	161
6	3	2011-06-13.11:18:36	123	243	163
15	9	2011-06-13.11:18:41	121	241	163
12	6	2011-06-13.11:18:45	127	239	165
6	3	2011-06-13.11:18:50	117	239	163
6	3	2011-06-13.11:18:55	108	239	165
3	0	2011-06-13.11:19:00	107	239	163
3	0	2011-06-13.11:19:05	98	247	163
12	6	2011-06-13.11:19:09	114	243	163
12	6	2011-06-13.11:19:14	177	243	163
9	6	2011-06-13.11:19:19	203	243	167
6	3	2011-06-13.11:19:24	211	243	167
6	3	2011-06-13.11:19:29	202	243	167
9	3	2011-06-13.11:19:33	210	243	169
12	6	2011-06-13.11:19:38	217	241	171
12	6	2011-06-13.11:19:43	232	241	173
3	0	2011-06-13.11:19:48	213	239	173
3	0	2011-06-13.11:19:53	204	239	177
6	3	2011-06-13.11:19:58	188	239	173
9	3	2011-06-13.11:20:03	213	247	173
9	3	2011-06-13.11:20:08	213	243	173
18	9	2011-06-13.11:20:13	228	243	169
6	3	2011-06-13.11:20:17	265	243	165
0	0	2011-06-13.11:20:22	244	243	165
0	0	2011-06-13.11:20:27	225	243	165
3	0	2011-06-13.11:20:32	207	243	165
9	3	2011-06-13.11:20:36	190	241	167
12	6	2011-06-13.11:20:41	199	241	161
15	6	2011-06-13.11:20:46	215	239	159
9	3	2011-06-13.11:20:51	198	239	163
3	0	2011-06-13.11:20:56	190	239	161
3	0	2011-06-13.11:21:00	175	239	163
6	3	2011-06-13.11:21:05	177	247	165
9	6	2011-06-13.11:21:10	178	243	165
12	6	2011-06-13.11:21:15	180	243	167
6	3	2011-06-13.11:21:20	190	243	167
6	3	2011-06-13.11:21:24	190	243	169
12	6	2011-06-13.11:21:29	183	243	173
9	3	2011-06-13.11:21:34	177	243	175
9	6	2011-06-13.11:21:39	170	241	173
12	6	2011-06-13.11:21:44	165	241	173
6	3	2011-06-13.11:21:48	151	239	173
6	3	2011-06-13.11:21:53	155	239	173
6	3	2011-06-13.11:21:58	159	239	173
9	3	2011-06-13.11:22:03	146	247	171
12	6	2011-06-13.11:22:08	146	243	165
9	6	2011-06-13.11:22:12	150	243	169
6	3	2011-06-13.11:22:17	138	243	169
0	0	2011-06-13.11:22:22	127	243	171
0	0	2011-06-13.11:22:27	117	243	171
9	3	2011-06-13.11:22:32	148	243	171
6	3	2011-06-13.11:22:36	144	241	169
18	9	2011-06-13.11:22:41	156	241	169
12	6	2011-06-13.11:22:46	144	239	171
6	3	2011-06-13.11:22:51	132	239	171
3	0	2011-06-13.11:22:56	122	239	175
6	3	2011-06-13.11:23:00	128	239	171
3	0	2011-06-13.11:23:05	118	247	171
12	6	2011-06-13.11:23:10	116	243	171
15	9	2011-06-13.11:23:15	155	243	171
12	6	2011-06-13.11:23:20	159	243	171
12	6	2011-06-13.11:23:24	146	243	169
6	3	2011-06-13.11:23:29	134	243	173
0	0	2011-06-13.11:23:34	123	243	169
6	3	2011-06-13.11:23:39	121	241	171
12	6	2011-06-13.11:23:44	128	241	169
12	6	2011-06-13.11:23:48	125	239	169
12	6	2011-06-13.11:23:53	123	239	167
12	6	2011-06-13.11:23:58	129	239	163
9	3	2011-06-13.11:24:03	129	247	157
6	3	2011-06-13.11:24:08	127	243	159
9	6	2011-06-13.11:24:12	133	243	157
6	3	2011-06-13.11:24:17	146	243	159
6	3	2011-06-13.11:24:22	159	243	159
6	3	2011-06-13.11:24:27	146	243	157
6	3	2011-06-13.11:24:31	142	243	159
9	6	2011-06-13.11:24:36	139	241	161
12	6	2011-06-13.11:24:41	144	241	161
9	3	2011-06-13.11:24:46	132	239	157
3	0	2011-06-13.11:24:51	121	239	157
3	0	2011-06-13.11:24:55	112	239	157
0	0	2011-06-13.11:25:00	103	239	155
6	3	2011-06-13.11:25:05	110	247	155
9	3	2011-06-13.11:25:10	102	243	155
12	6	2011-06-13.11:25:14	125	243	157
12	6	2011-06-13.11:25:19	139	243	159
6	3	2011-06-13.11:25:24	128	243	157
0	0	2011-06-13.11:25:29	118	243	159
0	0	2011-06-13.11:25:33	108	243	161
6	3	2011-06-13.11:25:38	140	241	161
12	6	2011-06-13.11:25:43	153	241	159
12	6	2011-06-13.11:25:48	153	239	159
12	6	2011-06-13.11:25:53	148	239	155
6	3	2011-06-13.11:25:57	152	239	157
3	0	2011-06-13.11:26:02	140	247	157
0	0	2011-06-13.11:26:07	129	243	157
6	3	2011-06-13.11:26:12	119	243	159
9	6	2011-06-13.11:26:17	125	243	161
6	3	2011-06-13.11:26:22	187	243	161
6	3	2011-06-13.11:26:26	188	243	163
6	3	2011-06-13.11:26:31	205	243	161
9	3	2011-06-13.11:26:36	221	241	161
9	6	2011-06-13.11:26:41	203	241	161
12	6	2011-06-13.11:26:46	251	239	165
6	3	2011-06-13.11:26:50	247	239	165
0	0	2011-06-13.11:26:55	227	239	165
6	3	2011-06-13.11:27:00	217	239	165
9	3	2011-06-13.11:27:05	207	247	167
12	6	2011-06-13.11:27:10	207	243	165
12	6	2011-06-13.11:27:14	206	243	163
6	3	2011-06-13.11:27:19	198	243	161
0	0	2011-06-13.11:27:24	182	243	163
0	0	2011-06-13.11:27:29	167	243	163
0	0	2011-06-13.11:27:33	154	243	167
6	3	2011-06-13.11:27:38	197	241	171
12	6	2011-06-13.11:27:43	246	241	171
12	6	2011-06-13.11:27:48	246	239	171
12	6	2011-06-13.11:27:53	330	239	171
3	0	2011-06-13.11:27:57	304	239	171
3	0	2011-06-13.11:28:02	279	247	171
0	0	2011-06-13.11:28:07	257	243	175
6	3	2011-06-13.11:28:12	260	243	175
12	6	2011-06-13.11:28:17	279	243	173
9	3	2011-06-13.11:28:21	289	243	171
6	3	2011-06-13.11:28:26	282	243	173
12	6	2011-06-13.11:28:31	267	243	169
6	3	2011-06-13.11:28:36	246	241	167
12	6	2011-06-13.11:28:41	258	241	167
12	6	2011-06-13.11:28:45	245	239	161
6	3	2011-06-13.11:28:50	226	239	161
6	3	2011-06-13.11:28:55	208	239	159
6	3	2011-06-13.11:29:00	215	239	159
9	3	2011-06-13.11:29:05	206	247	163
12	6	2011-06-13.11:29:09	205	243	165
15	6	2011-06-13.11:29:14	237	243	163
6	3	2011-06-13.11:29:19	242	243	165
0	0	2011-06-13.11:29:24	223	243	167
0	0	2011-06-13.11:29:29	221	243	167
3	0	2011-06-13.11:29:33	211	243	167
6	3	2011-06-13.11:29:38	226	241	167
12	6	2011-06-13.11:29:43	248	241	165
12	6	2011-06-13.11:29:48	248	239	167
6	3	2011-06-13.11:29:53	276	239	161
0	0	2011-06-13.11:29:57	254	239	165
3	0	2011-06-13.11:30:02	234	250	165
6	3	2011-06-13.11:30:07	215	243	163
6	3	2011-06-13.11:30:12	230	243	163
12	6	2011-06-13.11:30:16	227	243	167
6	3	2011-06-13.11:30:21	217	243	171
6	3	2011-06-13.11:30:26	208	243	165
3	0	2011-06-13.11:30:31	191	243	161
6	3	2011-06-13.11:30:36	176	243	165
6	3	2011-06-13.11:30:40	178	241	163
6	3	2011-06-13.11:30:45	171	239	161
9	6	2011-06-13.11:30:50	182	239	165
6	3	2011-06-13.11:30:55	167	239	167
6	3	2011-06-13.11:31:00	162	239	165
9	3	2011-06-13.11:31:04	157	247	165
9	3	2011-06-13.11:31:09	144	243	157
9	6	2011-06-13.11:31:14	141	243	159
6	3	2011-06-13.11:31:19	129	243	157
0	0	2011-06-13.11:31:23	119	243	157
3	0	2011-06-13.11:31:28	117	243	159
9	3	2011-06-13.11:31:33	116	243	161
6	3	2011-06-13.11:31:38	116	241	161
12	6	2011-06-13.11:31:43	131	241	165
15	9	2011-06-13.11:31:47	152	239	163
3	0	2011-06-13.11:31:52	156	239	163
0	0	2011-06-13.11:31:57	143	239	163
6	3	2011-06-13.11:32:02	132	247	163
6	3	2011-06-13.11:32:06	137	243	167
12	6	2011-06-13.11:32:11	142	243	167
15	9	2011-06-13.11:32:16	155	243	167
18	9	2011-06-13.11:32:21	199	243	167
6	3	2011-06-13.11:32:26	183	243	169
6	3	2011-06-13.11:32:30	192	243	171
3	0	2011-06-13.11:32:35	185	243	175
3	0	2011-06-13.11:32:40	170	241	167
12	6	2011-06-13.11:32:45	180	241	165
12	6	2011-06-13.11:32:50	174	239	163
9	3	2011-06-13.11:32:54	184	239	163
12	6	2011-06-13.11:32:59	177	239	159
9	3	2011-06-13.11:33:04	171	247	161
6	3	2011-06-13.11:33:09	157	243	163
9	6	2011-06-13.11:33:13	145	243	163
6	3	2011-06-13.11:33:18	133	243	165
3	0	2011-06-13.11:33:23	130	243	165
9	3	2011-06-13.11:33:28	130	243	167
6	3	2011-06-13.11:33:33	128	243	171
6	3	2011-06-13.11:33:37	126	241	173
12	6	2011-06-13.11:33:42	132	241	173
12	6	2011-06-13.11:33:47	145	239	171
6	3	2011-06-13.11:33:52	133	239	175
6	3	2011-06-13.11:33:57	123	239	177
6	3	2011-06-13.11:34:01	129	247	177
9	3	2011-06-13.11:34:06	118	247	179
12	6	2011-06-13.11:34:11	141	243	179
15	9	2011-06-13.11:34:16	178	243	177
12	6	2011-06-13.11:34:21	163	243	177
6	3	2011-06-13.11:34:25	158	243	175
6	3	2011-06-13.11:34:30	162	243	177
0	0	2011-06-13.11:34:35	149	243	183
3	0	2011-06-13.11:34:40	137	241	179
12	6	2011-06-13.11:34:45	134	241	177
12	6	2011-06-13.11:34:50	123	239	177
9	6	2011-06-13.11:34:54	121	239	181
12	6	2011-06-13.11:34:59	111	239	181
9	3	2011-06-13.11:35:04	103	247	177
6	3	2011-06-13.11:35:09	94	243	177
9	6	2011-06-13.11:35:14	87	243	173
12	6	2011-06-13.11:35:18	88	243	173
12	6	2011-06-13.11:35:23	113	243	171
6	3	2011-06-13.11:35:28	120	243	169
9	3	2011-06-13.11:35:33	118	243	171
12	6	2011-06-13.11:35:38	118	241	171
12	6	2011-06-13.11:35:42	109	241	171
12	6	2011-06-13.11:35:47	108	239	171
6	3	2011-06-13.11:35:52	99	239	169
3	0	2011-06-13.11:35:57	91	239	171
9	3	2011-06-13.11:36:02	84	247	169
6	3	2011-06-13.11:36:06	85	245	167
6	3	2011-06-13.11:36:11	94	243	165
12	6	2011-06-13.11:36:16	119	243	161
12	6	2011-06-13.11:36:21	157	243	163
3	0	2011-06-13.11:36:26	145	243	165
0	0	2011-06-13.11:36:30	133	243	167
0	0	2011-06-13.11:36:35	122	243	165
6	3	2011-06-13.11:36:40	113	241	167
12	6	2011-06-13.11:36:45	120	241	167
12	6	2011-06-13.11:36:50	134	239	165
12	6	2011-06-13.11:36:54	123	239	163
6	3	2011-06-13.11:36:59	113	239	163
3	0	2011-06-13.11:37:04	104	247	163
0	0	2011-06-13.11:37:09	96	243	161
9	3	2011-06-13.11:37:13	112	244	162
12	6	2011-06-13.11:37:18	127	244	162
9	3	2011-06-13.11:37:23	133	244	162
6	3	2011-06-13.11:37:28	133	244	160
6	3	2011-06-13.11:37:33	138	244	158
6	3	2011-06-13.11:37:37	127	242	156
6	3	2011-06-13.11:37:42	125	242	156
12	6	2011-06-13.11:37:47	123	240	154
6	3	2011-06-13.11:37:52	113	240	156
6	3	2011-06-13.11:37:56	112	240	152
6	3	2011-06-13.11:38:01	103	240	156
9	3	2011-06-13.11:38:06	111	248	158
12	6	2011-06-13.11:38:11	126	244	160
12	6	2011-06-13.11:38:15	124	244	158
6	3	2011-06-13.11:38:20	114	244	154
0	0	2011-06-13.11:38:25	105	244	148
0	0	2011-06-13.11:38:30	96	244	146
6	3	2011-06-13.11:38:35	97	244	150
6	3	2011-06-13.11:38:39	105	242	152
12	6	2011-06-13.11:38:44	128	242	152
12	6	2011-06-13.11:38:49	118	240	158
6	3	2011-06-13.11:38:54	109	240	156
0	0	2011-06-13.11:38:58	100	240	156
3	0	2011-06-13.11:39:03	92	248	154
0	0	2011-06-13.11:39:08	109	244	152
6	3	2011-06-13.11:39:13	109	244	150
12	6	2011-06-13.11:39:17	148	244	150
6	3	2011-06-13.11:39:22	144	244	150
6	3	2011-06-13.11:39:27	148	244	148
3	0	2011-06-13.11:39:32	145	244	146
0	0	2011-06-13.11:39:36	133	242	152
6	3	2011-06-13.11:39:41	122	242	152
12	6	2011-06-13.11:39:46	128	240	150
9	3	2011-06-13.11:39:51	118	240	154
6	3	2011-06-13.11:39:55	109	240	152
9	3	2011-06-13.11:40:00	124	240	152
9	3	2011-06-13.11:40:05	122	248	154
6	3	2011-06-13.11:40:10	128	244	152
12	6	2011-06-13.11:40:14	134	244	152
9	6	2011-06-13.11:40:19	123	244	150
0	0	2011-06-13.11:40:24	113	244	152
3	0	2011-06-13.11:40:29	104	244	150
6	3	2011-06-13.11:40:33	112	244	148
12	6	2011-06-13.11:40:38	127	242	140
12	6	2011-06-13.11:40:43	117	242	140
6	3	2011-06-13.11:40:48	117	240	140
0	0	2011-06-13.11:40:52	107	240	142
0	0	2011-06-13.11:40:57	99	240	144
3	0	2011-06-13.11:41:02	91	248	144
3	0	2011-06-13.11:41:07	83	244	150
6	3	2011-06-13.11:41:12	93	244	150
15	9	2011-06-13.11:41:17	109	244	150
9	3	2011-06-13.11:41:21	109	244	150
3	0	2011-06-13.11:41:26	100	244	148
0	0	2011-06-13.11:41:31	92	244	144
6	3	2011-06-13.11:41:36	84	242	148
6	3	2011-06-13.11:41:40	78	242	148
12	6	2011-06-13.11:41:45	87	240	148
15	9	2011-06-13.11:41:50	88	240	150
12	6	2011-06-13.11:41:55	97	240	152
6	3	2011-06-13.11:41:59	97	240	152
9	3	2011-06-13.11:42:04	106	248	152
3	0	2011-06-13.11:42:09	97	244	152
6	3	2011-06-13.11:42:14	97	244	152
9	6	2011-06-13.11:42:19	90	244	152
6	3	2011-06-13.11:42:23	82	244	156
6	3	2011-06-13.11:42:28	76	243	157
12	6	2011-06-13.11:42:33	76	243	157
9	3	2011-06-13.11:42:38	86	241	159
12	6	2011-06-13.11:42:42	79	241	161
12	6	2011-06-13.11:42:47	96	239	163
6	3	2011-06-13.11:42:52	105	239	163
0	0	2011-06-13.11:42:57	96	239	165
6	3	2011-06-13.11:43:01	89	247	169
6	3	2011-06-13.11:43:06	89	243	169
9	6	2011-06-13.11:43:11	82	242	171
15	9	2011-06-13.11:43:16	92	243	173
18	9	2011-06-13.11:43:21	108	243	175
6	3	2011-06-13.11:43:25	116	243	179
6	3	2011-06-13.11:43:30	130	243	179
3	0	2011-06-13.11:43:35	120	243	181
6	3	2011-06-13.11:43:40	110	241	183
12	6	2011-06-13.11:43:45	110	241	181
12	6	2011-06-13.11:43:50	117	239	181
12	6	2011-06-13.11:43:54	123	239	183
12	6	2011-06-13.11:43:59	121	239	183
9	3	2011-06-13.11:44:04	112	247	183
0	0	2011-06-13.11:44:09	103	243	185
6	3	2011-06-13.11:44:14	127	243	189
12	6	2011-06-13.11:44:19	156	243	189
15	9	2011-06-13.11:44:23	176	243	187
12	6	2011-06-13.11:44:28	178	243	187
6	3	2011-06-13.11:44:33	172	243	185
6	3	2011-06-13.11:44:38	158	241	185
6	3	2011-06-13.11:44:43	158	241	185
9	6	2011-06-13.11:44:48	145	239	185
12	6	2011-06-13.11:44:52	141	239	185
6	3	2011-06-13.11:44:57	130	239	185
9	3	2011-06-13.11:45:02	152	247	187
6	3	2011-06-13.11:45:07	156	243	183
6	3	2011-06-13.11:45:12	151	243	181
12	6	2011-06-13.11:45:17	155	243	183
12	6	2011-06-13.11:45:21	167	243	181
9	3	2011-06-13.11:45:26	193	243	177
0	0	2011-06-13.11:45:31	194	243	169
3	0	2011-06-13.11:45:36	178	241	169
6	3	2011-06-13.11:45:41	172	241	167
12	6	2011-06-13.11:45:45	158	239	169
15	6	2011-06-13.11:45:50	145	239	165
12	6	2011-06-13.11:45:55	134	239	165
3	0	2011-06-13.11:46:00	123	239	169
3	0	2011-06-13.11:46:05	113	247	169
0	0	2011-06-13.11:46:09	104	243	167
6	3	2011-06-13.11:46:14	120	243	167
12	6	2011-06-13.11:46:19	134	243	167
12	6	2011-06-13.11:46:24	139	243	167
9	3	2011-06-13.11:46:28	136	243	169
6	3	2011-06-13.11:46:33	125	243	167
0	0	2011-06-13.11:46:38	123	241	167
3	0	2011-06-13.11:46:43	123	241	165
9	6	2011-06-13.11:46:48	121	239	165
12	6	2011-06-13.11:46:52	136	239	165
6	3	2011-06-13.11:46:57	149	239	165
