0	0	2011-02-28.09:00:00	0	234	3
3	0	2011-02-28.09:00:05	0	243	3
0	0	2011-02-28.09:00:09	0	239	3
0	0	2011-02-28.09:00:14	0	237	3
0	0	2011-02-28.09:00:18	0	235	3
0	0	2011-02-28.09:00:23	0	235	3
0	0	2011-02-28.09:00:28	0	235	3
0	0	2011-02-28.09:00:32	8	235	3
0	0	2011-02-28.09:00:37	8	235	3
0	0	2011-02-28.09:00:41	7	235	3
0	0	2011-02-28.09:00:46	6	233	3
0	0	2011-02-28.09:00:50	6	233	3
0	0	2011-02-28.09:00:55	5	233	3
0	0	2011-02-28.09:00:59	5	233	3
3	0	2011-02-28.09:01:04	4	241	3
0	0	2011-02-28.09:01:08	4	237	3
0	0	2011-02-28.09:01:13	4	235	3
0	0	2011-02-28.09:01:18	4	235	3
0	0	2011-02-28.09:01:22	11	235	3
0	0	2011-02-28.09:01:27	10	235	3
0	0	2011-02-28.09:01:31	18	235	3
0	0	2011-02-28.09:01:36	24	235	3
0	0	2011-02-28.09:01:40	30	235	3
0	0	2011-02-28.09:01:45	28	233	3
0	0	2011-02-28.09:01:49	26	233	3
0	0	2011-02-28.09:01:54	23	233	3
0	0	2011-02-28.09:01:58	22	233	3
3	0	2011-02-28.09:02:03	20	241	3
0	0	2011-02-28.09:02:08	26	237	3
0	0	2011-02-28.09:02:12	26	235	3
0	0	2011-02-28.09:02:17	24	235	3
0	0	2011-02-28.09:02:21	22	235	3
0	0	2011-02-28.09:02:26	28	236	6
0	0	2011-02-28.09:02:30	26	236	5
0	0	2011-02-28.09:02:35	24	235	5
0	0	2011-02-28.09:02:39	22	235	5
0	0	2011-02-28.09:02:44	20	235	5
0	0	2011-02-28.09:02:49	18	233	5
0	0	2011-02-28.09:02:53	17	233	5
0	0	2011-02-28.09:02:58	16	233	5
3	0	2011-02-28.09:03:02	16	241	5
0	0	2011-02-28.09:03:07	14	237	5
0	0	2011-02-28.09:03:11	13	235	5
0	0	2011-02-28.09:03:16	12	235	5
0	0	2011-02-28.09:03:20	11	235	5
0	0	2011-02-28.09:03:25	10	235	5
0	0	2011-02-28.09:03:29	9	235	5
0	0	2011-02-28.09:03:34	9	235	5
0	0	2011-02-28.09:03:39	8	235	5
0	0	2011-02-28.09:03:43	7	235	5
0	0	2011-02-28.09:03:48	7	233	5
0	0	2011-02-28.09:03:52	7	233	5
0	0	2011-02-28.09:03:57	6	233	5
3	0	2011-02-28.09:04:01	6	241	5
0	0	2011-02-28.09:04:06	5	239	5
0	0	2011-02-28.09:04:10	5	237	5
0	0	2011-02-28.09:04:15	4	235	5
0	0	2011-02-28.09:04:19	4	235	5
0	0	2011-02-28.09:04:24	4	235	5
0	0	2011-02-28.09:04:29	3	235	5
0	0	2011-02-28.09:04:33	3	235	5
0	0	2011-02-28.09:04:38	3	235	5
0	0	2011-02-28.09:04:42	3	235	5
0	0	2011-02-28.09:04:47	2	233	5
0	0	2011-02-28.09:04:51	10	233	5
0	0	2011-02-28.09:04:56	9	233	5
0	0	2011-02-28.09:05:00	9	233	5
3	0	2011-02-28.09:05:05	8	241	5
0	0	2011-02-28.09:05:10	7	237	5
0	0	2011-02-28.09:05:14	15	235	5
0	0	2011-02-28.09:05:19	13	235	5
0	0	2011-02-28.09:05:23	12	235	5
0	0	2011-02-28.09:05:28	11	235	5
0	0	2011-02-28.09:05:32	11	235	5
0	0	2011-02-28.09:05:37	10	235	5
0	0	2011-02-28.09:05:41	10	235	5
0	0	2011-02-28.09:05:46	9	233	5
0	0	2011-02-28.09:05:50	8	233	5
0	0	2011-02-28.09:05:55	7	233	5
0	0	2011-02-28.09:06:00	7	233	5
3	0	2011-02-28.09:06:04	6	241	5
0	0	2011-02-28.09:06:09	6	237	5
0	0	2011-02-28.09:06:13	5	235	5
0	0	2011-02-28.09:06:18	5	235	5
0	0	2011-02-28.09:06:22	5	235	5
0	0	2011-02-28.09:06:27	4	235	5
0	0	2011-02-28.09:06:31	4	235	5
0	0	2011-02-28.09:06:36	4	235	5
12	9	2011-02-28.09:06:40	19	236	5
3	3	2011-02-28.09:06:46	42	234	5
12	9	2011-02-28.09:06:51	54	234	5
6	6	2011-02-28.09:06:57	58	234	5
9	6	2011-02-28.09:07:02	61	244	5
9	6	2011-02-28.09:07:07	72	240	5
9	6	2011-02-28.09:07:12	83	236	5
9	6	2011-02-28.09:07:18	101	236	5
9	6	2011-02-28.09:07:24	109	236	5
9	6	2011-02-28.09:07:29	116	236	5
9	6	2011-02-28.09:07:34	123	236	5
9	6	2011-02-28.09:07:39	121	236	5
9	6	2011-02-28.09:07:44	127	237	5
6	3	2011-02-28.09:07:49	133	234	5
0	0	2011-02-28.09:07:53	122	233	5
0	0	2011-02-28.09:07:58	112	233	5
3	0	2011-02-28.09:08:02	112	241	5
0	0	2011-02-28.09:08:07	103	237	5
0	0	2011-02-28.09:08:11	95	235	5
0	0	2011-02-28.09:08:16	87	235	5
0	0	2011-02-28.09:08:20	80	235	5
0	0	2011-02-28.09:08:25	74	235	5
0	0	2011-02-28.09:08:29	68	235	5
0	0	2011-02-28.09:08:34	63	235	5
0	0	2011-02-28.09:08:39	58	235	5
0	0	2011-02-28.09:08:43	53	235	5
0	0	2011-02-28.09:08:48	49	233	5
0	0	2011-02-28.09:08:52	49	233	5
0	0	2011-02-28.09:08:57	45	233	5
3	0	2011-02-28.09:09:01	41	243	5
0	0	2011-02-28.09:09:06	38	241	5
0	0	2011-02-28.09:09:10	35	237	5
0	0	2011-02-28.09:09:15	32	235	5
0	0	2011-02-28.09:09:20	29	235	5
0	0	2011-02-28.09:09:24	27	235	5
0	0	2011-02-28.09:09:29	25	235	5
0	0	2011-02-28.09:09:33	23	235	5
0	0	2011-02-28.09:09:38	21	235	5
0	0	2011-02-28.09:09:42	21	235	5
0	0	2011-02-28.09:09:47	19	233	5
0	0	2011-02-28.09:09:51	18	233	5
0	0	2011-02-28.09:09:56	16	233	5
0	0	2011-02-28.09:10:00	15	233	5
3	0	2011-02-28.09:10:05	14	241	5
0	0	2011-02-28.09:10:10	13	237	5
0	0	2011-02-28.09:10:14	12	235	5
0	0	2011-02-28.09:10:19	11	235	5
0	0	2011-02-28.09:10:23	10	235	5
0	0	2011-02-28.09:10:28	9	235	5
0	0	2011-02-28.09:10:32	9	235	5
0	0	2011-02-28.09:10:37	8	235	5
0	0	2011-02-28.09:10:41	8	235	5
0	0	2011-02-28.09:10:46	7	233	5
0	0	2011-02-28.09:10:50	14	233	5
0	0	2011-02-28.09:10:55	13	233	5
0	0	2011-02-28.09:11:00	12	233	5
3	0	2011-02-28.09:11:04	11	241	5
0	0	2011-02-28.09:11:09	10	237	5
0	0	2011-02-28.09:11:13	9	235	5
0	0	2011-02-28.09:11:18	9	235	5
0	0	2011-02-28.09:11:22	9	235	5
0	0	2011-02-28.09:11:27	8	235	5
0	0	2011-02-28.09:11:31	15	235	5
0	0	2011-02-28.09:11:36	14	235	5
0	0	2011-02-28.09:11:41	13	235	5
0	0	2011-02-28.09:11:45	12	235	5
0	0	2011-02-28.09:11:50	11	233	5
0	0	2011-02-28.09:11:54	10	233	5
0	0	2011-02-28.09:11:59	9	233	5
3	0	2011-02-28.09:12:03	8	241	5
0	0	2011-02-28.09:12:08	8	237	5
0	0	2011-02-28.09:12:12	8	235	5
0	0	2011-02-28.09:12:17	7	235	5
0	0	2011-02-28.09:12:21	6	235	5
0	0	2011-02-28.09:12:26	6	235	5
0	0	2011-02-28.09:12:31	5	235	5
0	0	2011-02-28.09:12:35	5	235	5
0	0	2011-02-28.09:12:40	5	235	5
0	0	2011-02-28.09:12:44	4	235	5
0	0	2011-02-28.09:12:49	4	233	5
0	0	2011-02-28.09:12:54	3	233	5
0	0	2011-02-28.09:12:58	3	233	5
3	0	2011-02-28.09:13:03	3	241	5
0	0	2011-02-28.09:13:07	3	237	5
0	0	2011-02-28.09:13:12	3	235	5
0	0	2011-02-28.09:13:16	2	235	5
0	0	2011-02-28.09:13:21	2	235	5
0	0	2011-02-28.09:13:25	2	235	5
0	0	2011-02-28.09:13:30	2	235	5
0	0	2011-02-28.09:13:35	2	235	5
0	0	2011-02-28.09:13:39	2	235	5
0	0	2011-02-28.09:13:44	1	235	5
0	0	2011-02-28.09:13:48	1	233	5
0	0	2011-02-28.09:13:53	1	233	5
0	0	2011-02-28.09:13:57	1	233	5
3	0	2011-02-28.09:14:02	1	241	5
0	0	2011-02-28.09:14:06	1	241	5
0	0	2011-02-28.09:14:11	1	237	5
0	0	2011-02-28.09:14:15	1	235	5
0	0	2011-02-28.09:14:20	1	237	5
0	0	2011-02-28.09:14:25	1	238	5
0	0	2011-02-28.09:14:29	0	238	5
0	0	2011-02-28.09:14:34	0	237	5
0	0	2011-02-28.09:14:38	0	238	5
0	0	2011-02-28.09:14:43	0	238	5
0	0	2011-02-28.09:14:47	0	236	5
0	0	2011-02-28.09:14:52	0	236	7
0	0	2011-02-28.09:14:56	0	236	7
3	0	2011-02-28.09:15:01	0	244	5
0	0	2011-02-28.09:15:06	0	244	5
0	0	2011-02-28.09:15:10	0	240	5
0	0	2011-02-28.09:15:15	0	237	5
0	0	2011-02-28.09:15:19	0	237	5
0	0	2011-02-28.09:15:24	0	237	5
0	0	2011-02-28.09:15:28	0	238	5
0	0	2011-02-28.09:15:33	0	237	5
0	0	2011-02-28.09:15:37	0	237	5
0	0	2011-02-28.09:15:42	0	237	5
0	0	2011-02-28.09:15:46	8	235	5
0	0	2011-02-28.09:15:51	7	235	5
0	0	2011-02-28.09:15:56	7	235	5
0	0	2011-02-28.09:16:00	22	235	5
3	0	2011-02-28.09:16:05	20	243	5
0	0	2011-02-28.09:16:09	19	239	5
0	0	2011-02-28.09:16:14	17	237	5
0	0	2011-02-28.09:16:18	16	237	5
0	0	2011-02-28.09:16:23	14	237	5
0	0	2011-02-28.09:16:27	14	237	5
0	0	2011-02-28.09:16:32	13	237	5
0	0	2011-02-28.09:16:36	12	237	5
0	0	2011-02-28.09:16:41	11	237	5
0	0	2011-02-28.09:16:46	10	235	5
0	0	2011-02-28.09:16:50	9	235	5
0	0	2011-02-28.09:16:55	9	235	5
0	0	2011-02-28.09:16:59	24	235	5
3	0	2011-02-28.09:17:04	22	243	5
0	0	2011-02-28.09:17:08	20	240	5
0	0	2011-02-28.09:17:13	19	238	5
0	0	2011-02-28.09:17:17	19	238	5
0	0	2011-02-28.09:17:22	17	238	5
0	0	2011-02-28.09:17:26	16	237	5
0	0	2011-02-28.09:17:31	14	237	5
0	0	2011-02-28.09:17:36	13	238	5
0	0	2011-02-28.09:17:40	12	238	5
0	0	2011-02-28.09:17:45	11	236	5
0	0	2011-02-28.09:17:49	10	236	5
0	0	2011-02-28.09:17:54	9	236	5
0	0	2011-02-28.09:17:58	17	236	5
3	0	2011-02-28.09:18:03	23	244	5
0	0	2011-02-28.09:18:07	23	240	5
0	0	2011-02-28.09:18:12	29	239	5
0	0	2011-02-28.09:18:17	27	239	5
0	0	2011-02-28.09:18:21	25	239	5
0	0	2011-02-28.09:18:26	23	239	5
0	0	2011-02-28.09:18:30	21	238	5
0	0	2011-02-28.09:18:35	19	238	5
0	0	2011-02-28.09:18:39	18	237	5
0	0	2011-02-28.09:18:44	16	238	5
0	0	2011-02-28.09:18:48	15	236	5
0	0	2011-02-28.09:18:53	14	237	5
0	0	2011-02-28.09:18:57	14	237	5
3	0	2011-02-28.09:19:02	13	243	5
0	0	2011-02-28.09:19:07	12	240	5
0	0	2011-02-28.09:19:11	11	238	5
0	0	2011-02-28.09:19:16	10	238	5
0	0	2011-02-28.09:19:20	9	238	5
0	0	2011-02-28.09:19:25	16	238	5
0	0	2011-02-28.09:19:29	15	238	5
0	0	2011-02-28.09:19:34	14	238	5
0	0	2011-02-28.09:19:38	21	238	5
0	0	2011-02-28.09:19:43	19	238	5
0	0	2011-02-28.09:19:47	19	236	5
0	0	2011-02-28.09:19:52	17	236	5
0	0	2011-02-28.09:19:57	16	236	5
3	0	2011-02-28.09:20:01	15	244	5
0	0	2011-02-28.09:20:06	13	244	5
0	0	2011-02-28.09:20:10	12	240	5
0	0	2011-02-28.09:20:15	11	238	5
0	0	2011-02-28.09:20:19	10	238	5
0	0	2011-02-28.09:20:24	10	238	5
0	0	2011-02-28.09:20:28	17	238	5
0	0	2011-02-28.09:20:33	15	238	5
0	0	2011-02-28.09:20:38	14	238	5
0	0	2011-02-28.09:20:43	13	238	5
0	0	2011-02-28.09:20:47	13	236	5
0	0	2011-02-28.09:20:52	12	236	5
0	0	2011-02-28.09:20:57	11	236	5
3	0	2011-02-28.09:21:01	10	246	5
0	0	2011-02-28.09:21:06	9	244	5
0	0	2011-02-28.09:21:10	8	240	5
0	0	2011-02-28.09:21:15	8	238	5
0	0	2011-02-28.09:21:19	7	238	5
0	0	2011-02-28.09:21:24	6	238	5
0	0	2011-02-28.09:21:28	6	238	5
0	0	2011-02-28.09:21:33	5	238	5
0	0	2011-02-28.09:21:38	5	238	5
0	0	2011-02-28.09:21:42	5	238	5
0	0	2011-02-28.09:21:47	5	236	5
0	0	2011-02-28.09:21:51	4	236	5
0	0	2011-02-28.09:21:56	4	236	5
0	0	2011-02-28.09:22:00	4	236	5
3	0	2011-02-28.09:22:05	3	244	5
0	0	2011-02-28.09:22:10	3	240	5
0	0	2011-02-28.09:22:14	3	238	5
0	0	2011-02-28.09:22:19	2	238	5
0	0	2011-02-28.09:22:24	2	238	5
0	0	2011-02-28.09:22:28	2	238	5
0	0	2011-02-28.09:22:33	2	238	5
0	0	2011-02-28.09:22:37	2	238	5
0	0	2011-02-28.09:22:42	2	238	5
0	0	2011-02-28.09:22:46	2	236	5
0	0	2011-02-28.09:22:51	1	236	5
0	0	2011-02-28.09:22:55	1	236	5
0	0	2011-02-28.09:23:00	1	236	5
3	0	2011-02-28.09:23:04	1	244	5
0	0	2011-02-28.09:23:09	1	240	5
0	0	2011-02-28.09:23:14	1	239	3
0	0	2011-02-28.09:23:18	1	239	3
0	0	2011-02-28.09:23:23	1	239	3
0	0	2011-02-28.09:23:27	1	241	1
0	0	2011-02-28.09:23:31	1	239	1
0	0	2011-02-28.09:23:35	0	239	1
3	0	2011-02-28.09:23:39	0	242	4
0	0	2011-02-28.09:23:44	0	240	3
3	0	2011-02-28.09:23:48	0	238	5
0	0	2011-02-28.09:23:53	0	237	5
0	0	2011-02-28.09:23:57	0	237	5
3	0	2011-02-28.09:24:02	0	245	5
0	0	2011-02-28.09:24:07	0	241	5
0	0	2011-02-28.09:24:11	0	239	5
0	0	2011-02-28.09:24:16	0	241	9
0	0	2011-02-28.09:24:20	0	241	15
0	0	2011-02-28.09:24:25	0	241	13
0	0	2011-02-28.09:24:29	0	239	13
0	0	2011-02-28.09:24:34	0	239	13
0	0	2011-02-28.09:24:38	0	239	13
0	0	2011-02-28.09:24:43	0	240	15
0	0	2011-02-28.09:24:48	0	237	15
0	0	2011-02-28.09:24:52	0	238	18
0	0	2011-02-28.09:24:57	0	239	20
6	3	2011-02-28.09:25:01	8	248	19
0	0	2011-02-28.09:25:06	7	245	19
0	0	2011-02-28.09:25:10	7	241	19
0	0	2011-02-28.09:25:15	6	240	21
0	0	2011-02-28.09:25:19	6	239	21
0	0	2011-02-28.09:25:24	5	239	21
0	0	2011-02-28.09:25:29	5	239	21
0	0	2011-02-28.09:25:33	4	239	21
0	0	2011-02-28.09:25:38	4	239	21
0	0	2011-02-28.09:25:42	4	239	21
0	0	2011-02-28.09:25:47	4	237	21
0	0	2011-02-28.09:25:51	3	238	23
0	0	2011-02-28.09:25:56	3	237	23
0	0	2011-02-28.09:26:01	3	237	23
3	0	2011-02-28.09:26:05	2	245	23
0	0	2011-02-28.09:26:10	2	241	23
0	0	2011-02-28.09:26:14	2	239	23
0	0	2011-02-28.09:26:19	2	239	23
0	0	2011-02-28.09:26:23	2	239	23
0	0	2011-02-28.09:26:28	2	239	23
0	0	2011-02-28.09:26:32	2	239	23
0	0	2011-02-28.09:26:37	1	239	23
0	0	2011-02-28.09:26:42	1	239	23
0	0	2011-02-28.09:26:46	1	237	23
0	0	2011-02-28.09:26:51	1	237	23
0	0	2011-02-28.09:26:55	1	237	23
0	0	2011-02-28.09:27:00	1	237	23
3	0	2011-02-28.09:27:04	1	245	23
0	0	2011-02-28.09:27:09	1	241	23
0	0	2011-02-28.09:27:14	1	239	23
0	0	2011-02-28.09:27:18	0	239	23
0	0	2011-02-28.09:27:23	0	239	23
0	0	2011-02-28.09:27:27	0	239	23
0	0	2011-02-28.09:27:32	0	239	23
0	0	2011-02-28.09:27:36	0	239	23
0	0	2011-02-28.09:27:41	0	239	23
3	0	2011-02-28.09:27:46	8	238	25
0	0	2011-02-28.09:27:50	8	237	25
0	0	2011-02-28.09:27:55	7	237	25
0	0	2011-02-28.09:27:59	6	237	25
3	0	2011-02-28.09:28:04	6	247	25
0	0	2011-02-28.09:28:08	5	243	25
0	0	2011-02-28.09:28:13	5	239	25
0	0	2011-02-28.09:28:18	5	239	25
0	0	2011-02-28.09:28:22	4	239	25
0	0	2011-02-28.09:28:27	4	239	25
0	0	2011-02-28.09:28:31	4	239	25
0	0	2011-02-28.09:28:36	3	239	25
0	0	2011-02-28.09:28:40	3	239	25
0	0	2011-02-28.09:28:45	3	240	25
0	0	2011-02-28.09:28:50	3	238	25
0	0	2011-02-28.09:28:54	2	238	25
3	0	2011-02-28.09:28:59	2	238	25
3	0	2011-02-28.09:29:03	10	246	25
3	0	2011-02-28.09:29:08	9	242	25
0	0	2011-02-28.09:29:12	9	240	25
0	0	2011-02-28.09:29:17	8	240	25
0	0	2011-02-28.09:29:22	8	240	25
0	0	2011-02-28.09:29:26	7	240	25
0	0	2011-02-28.09:29:31	6	240	25
0	0	2011-02-28.09:29:35	6	240	25
0	0	2011-02-28.09:29:40	5	240	25
0	0	2011-02-28.09:29:44	5	240	25
0	0	2011-02-28.09:29:49	5	238	25
0	0	2011-02-28.09:29:53	4	238	25
0	0	2011-02-28.09:29:58	4	238	25
3	0	2011-02-28.09:30:03	3	246	25
0	0	2011-02-28.09:30:07	3	242	25
0	0	2011-02-28.09:30:12	3	240	25
0	0	2011-02-28.09:30:16	3	240	25
0	0	2011-02-28.09:30:21	3	240	25
0	0	2011-02-28.09:30:25	2	240	25
3	0	2011-02-28.09:30:30	2	240	25
0	0	2011-02-28.09:30:35	2	240	25
0	0	2011-02-28.09:30:39	2	240	25
0	0	2011-02-28.09:30:44	2	240	25
0	0	2011-02-28.09:30:48	2	238	25
0	0	2011-02-28.09:30:53	1	238	25
0	0	2011-02-28.09:30:57	1	238	25
3	0	2011-02-28.09:31:02	1	247	25
0	0	2011-02-28.09:31:07	1	245	25
0	0	2011-02-28.09:31:11	1	243	25
0	0	2011-02-28.09:31:16	1	241	25
0	0	2011-02-28.09:31:20	1	241	25
0	0	2011-02-28.09:31:25	1	241	25
0	0	2011-02-28.09:31:29	1	241	25
0	0	2011-02-28.09:31:34	9	241	25
0	0	2011-02-28.09:31:38	8	241	25
0	0	2011-02-28.09:31:43	7	241	25
0	0	2011-02-28.09:31:48	7	239	25
3	0	2011-02-28.09:31:52	7	239	25
0	0	2011-02-28.09:31:57	6	239	25
0	0	2011-02-28.09:32:01	6	239	25
3	0	2011-02-28.09:32:06	5	247	25
0	0	2011-02-28.09:32:10	5	243	25
0	0	2011-02-28.09:32:15	4	241	25
0	0	2011-02-28.09:32:20	4	241	25
0	0	2011-02-28.09:32:24	4	241	25
0	0	2011-02-28.09:32:29	3	241	25
0	0	2011-02-28.09:32:33	3	241	25
0	0	2011-02-28.09:32:38	3	241	25
0	0	2011-02-28.09:32:42	3	241	25
0	0	2011-02-28.09:32:47	2	239	25
0	0	2011-02-28.09:32:52	2	239	25
0	0	2011-02-28.09:32:56	2	239	25
0	0	2011-02-28.09:33:01	2	239	25
3	0	2011-02-28.09:33:05	2	247	25
0	0	2011-02-28.09:33:10	2	243	25
0	0	2011-02-28.09:33:14	1	241	25
0	0	2011-02-28.09:33:19	1	241	25
0	0	2011-02-28.09:33:24	1	241	25
0	0	2011-02-28.09:33:28	1	241	25
0	0	2011-02-28.09:33:33	1	241	25
0	0	2011-02-28.09:33:37	1	241	25
0	0	2011-02-28.09:33:42	1	240	25
0	0	2011-02-28.09:33:46	17	240	23
0	0	2011-02-28.09:33:51	15	241	26
0	0	2011-02-28.09:33:56	14	239	25
0	0	2011-02-28.09:34:00	13	238	25
3	0	2011-02-28.09:34:05	12	246	25
0	0	2011-02-28.09:34:09	11	242	25
0	0	2011-02-28.09:34:14	10	240	25
0	0	2011-02-28.09:34:18	9	240	25
0	0	2011-02-28.09:34:23	8	240	25
0	0	2011-02-28.09:34:28	8	240	25
0	0	2011-02-28.09:34:32	8	241	25
0	0	2011-02-28.09:34:37	7	241	25
0	0	2011-02-28.09:34:41	6	241	25
0	0	2011-02-28.09:34:46	6	239	25
0	0	2011-02-28.09:34:50	5	239	25
0	0	2011-02-28.09:34:55	5	239	25
0	0	2011-02-28.09:34:59	5	239	25
3	0	2011-02-28.09:35:04	4	247	25
0	0	2011-02-28.09:35:09	4	243	25
0	0	2011-02-28.09:35:13	4	241	25
0	0	2011-02-28.09:35:18	11	241	25
0	0	2011-02-28.09:35:22	11	241	25
0	0	2011-02-28.09:35:27	10	241	25
0	0	2011-02-28.09:35:31	9	241	25
0	0	2011-02-28.09:35:36	9	241	25
0	0	2011-02-28.09:35:41	8	241	25
0	0	2011-02-28.09:35:45	7	238	25
0	0	2011-02-28.09:35:50	7	239	25
3	0	2011-02-28.09:35:54	6	239	25
3	0	2011-02-28.09:35:59	6	239	25
3	0	2011-02-28.09:36:03	5	247	25
0	0	2011-02-28.09:36:08	5	243	25
0	0	2011-02-28.09:36:13	5	240	25
0	0	2011-02-28.09:36:17	4	240	25
0	0	2011-02-28.09:36:22	4	240	25
0	0	2011-02-28.09:36:26	4	240	25
0	0	2011-02-28.09:36:31	3	240	25
0	0	2011-02-28.09:36:35	3	241	25
0	0	2011-02-28.09:36:40	11	241	25
0	0	2011-02-28.09:36:44	10	241	25
0	0	2011-02-28.09:36:49	9	239	25
0	0	2011-02-28.09:36:54	8	238	25
0	0	2011-02-28.09:36:58	8	239	25
3	0	2011-02-28.09:37:03	7	247	25
0	0	2011-02-28.09:37:07	7	243	25
3	0	2011-02-28.09:37:12	6	244	21
3	0	2011-02-28.09:37:16	6	248	17
0	0	2011-02-28.09:37:21	5	243	17
3	0	2011-02-28.09:37:26	5	246	25
0	0	2011-02-28.09:37:30	4	245	21
0	0	2011-02-28.09:37:35	4	242	23
0	0	2011-02-28.09:37:39	4	241	23
0	0	2011-02-28.09:37:44	3	242	25
0	0	2011-02-28.09:37:48	3	239	25
0	0	2011-02-28.09:37:53	3	239	25
0	0	2011-02-28.09:37:58	3	239	25
3	0	2011-02-28.09:38:02	3	249	23
0	0	2011-02-28.09:38:07	2	245	21
0	0	2011-02-28.09:38:11	2	241	19
0	0	2011-02-28.09:38:16	2	243	19
0	0	2011-02-28.09:38:20	2	241	19
0	0	2011-02-28.09:38:25	2	242	22
0	0	2011-02-28.09:38:30	1	243	23
3	0	2011-02-28.09:38:34	1	242	25
3	0	2011-02-28.09:38:39	1	241	25
3	0	2011-02-28.09:38:43	1	241	25
0	0	2011-02-28.09:38:48	1	239	25
3	0	2011-02-28.09:38:53	1	241	23
0	0	2011-02-28.09:38:57	1	239	23
3	0	2011-02-28.09:39:02	1	247	23
3	0	2011-02-28.09:39:06	1	248	24
0	0	2011-02-28.09:39:11	1	244	19
0	0	2011-02-28.09:39:15	1	241	19
0	0	2011-02-28.09:39:20	0	243	19
0	0	2011-02-28.09:39:25	0	241	19
0	0	2011-02-28.09:39:29	0	241	19
0	0	2011-02-28.09:39:34	0	241	19
0	0	2011-02-28.09:39:38	0	242	22
0	0	2011-02-28.09:39:43	0	242	21
0	0	2011-02-28.09:39:47	0	240	24
0	0	2011-02-28.09:39:52	0	240	23
3	0	2011-02-28.09:39:57	0	240	26
6	3	2011-02-28.09:40:01	8	250	25
3	0	2011-02-28.09:40:06	7	247	25
0	0	2011-02-28.09:40:10	7	243	25
0	0	2011-02-28.09:40:15	6	241	25
0	0	2011-02-28.09:40:19	6	240	25
0	0	2011-02-28.09:40:24	5	240	25
0	0	2011-02-28.09:40:28	5	241	25
0	0	2011-02-28.09:40:33	4	241	25
0	0	2011-02-28.09:40:38	4	241	25
0	0	2011-02-28.09:40:42	4	241	25
0	0	2011-02-28.09:40:47	4	239	25
0	0	2011-02-28.09:40:51	3	239	25
0	0	2011-02-28.09:40:56	3	239	25
0	0	2011-02-28.09:41:00	3	238	25
3	0	2011-02-28.09:41:05	3	247	25
0	0	2011-02-28.09:41:10	2	243	25
6	3	2011-02-28.09:41:14	2	241	25
3	0	2011-02-28.09:41:19	2	241	25
3	0	2011-02-28.09:41:23	2	241	25
0	0	2011-02-28.09:41:28	2	241	25
0	0	2011-02-28.09:41:32	2	241	25
0	0	2011-02-28.09:41:37	9	241	25
0	0	2011-02-28.09:41:42	9	241	25
0	0	2011-02-28.09:41:46	8	239	25
0	0	2011-02-28.09:41:51	7	239	25
0	0	2011-02-28.09:41:55	7	239	25
0	0	2011-02-28.09:42:00	6	239	25
3	0	2011-02-28.09:42:04	6	247	25
0	0	2011-02-28.09:42:09	5	243	25
0	0	2011-02-28.09:42:13	5	241	25
0	0	2011-02-28.09:42:18	4	241	25
0	0	2011-02-28.09:42:23	4	241	25
0	0	2011-02-28.09:42:27	12	241	25
0	0	2011-02-28.09:42:32	11	241	25
0	0	2011-02-28.09:42:36	10	241	25
0	0	2011-02-28.09:42:41	9	241	25
3	0	2011-02-28.09:42:45	8	239	25
3	0	2011-02-28.09:42:50	8	239	25
0	0	2011-02-28.09:42:55	7	239	25
0	0	2011-02-28.09:42:59	7	239	25
3	0	2011-02-28.09:43:04	6	247	25
0	0	2011-02-28.09:43:08	6	243	25
0	0	2011-02-28.09:43:13	5	241	25
0	0	2011-02-28.09:43:17	5	241	25
0	0	2011-02-28.09:43:22	5	241	25
0	0	2011-02-28.09:43:26	4	241	25
0	0	2011-02-28.09:43:31	4	241	25
0	0	2011-02-28.09:43:36	4	241	25
0	0	2011-02-28.09:43:40	3	241	25
0	0	2011-02-28.09:43:45	3	241	25
0	0	2011-02-28.09:43:49	3	239	25
0	0	2011-02-28.09:43:54	18	239	25
0	0	2011-02-28.09:43:58	33	239	25
3	0	2011-02-28.09:44:03	30	247	25
3	0	2011-02-28.09:44:08	30	243	25
0	0	2011-02-28.09:44:12	28	241	25
0	0	2011-02-28.09:44:17	34	242	28
0	0	2011-02-28.09:44:21	31	242	28
0	0	2011-02-28.09:44:26	36	242	30
0	0	2011-02-28.09:44:30	33	241	30
0	0	2011-02-28.09:44:35	31	241	30
0	0	2011-02-28.09:44:40	28	241	30
0	0	2011-02-28.09:44:44	26	241	30
0	0	2011-02-28.09:44:49	24	239	30
0	0	2011-02-28.09:44:53	22	239	30
0	0	2011-02-28.09:44:58	20	239	30
3	0	2011-02-28.09:45:02	20	247	30
0	0	2011-02-28.09:45:07	18	243	30
0	0	2011-02-28.09:45:12	17	241	30
3	0	2011-02-28.09:45:16	16	240	30
3	0	2011-02-28.09:45:21	14	241	30
6	3	2011-02-28.09:45:25	13	240	30
6	3	2011-02-28.09:45:30	12	240	30
0	0	2011-02-28.09:45:34	11	240	30
0	0	2011-02-28.09:45:39	10	240	30
0	0	2011-02-28.09:45:44	9	240	30
0	0	2011-02-28.09:45:48	9	238	30
0	0	2011-02-28.09:45:53	8	238	30
0	0	2011-02-28.09:45:57	8	238	30
3	0	2011-02-28.09:46:02	7	246	30
0	0	2011-02-28.09:46:08	6	236	30
0	0	2011-02-28.09:53:04	92	244	5
0	0	2011-02-28.09:53:07	92	244	5
0	0	2011-02-28.09:53:11	92	239	5
0	0	2011-02-28.09:53:16	101	237	5
0	0	2011-02-28.09:53:20	101	237	5
12	9	2011-02-28.09:53:25	101	237	5
3	3	2011-02-28.09:53:31	165	238	5
9	6	2011-02-28.09:53:36	167	238	5
9	6	2011-02-28.09:53:41	162	238	5
9	6	2011-02-28.09:53:46	165	238	5
9	6	2011-02-28.09:53:51	160	248	5
6	3	2011-02-28.09:53:57	163	246	16
9	6	2011-02-28.09:54:02	198	251	18
9	6	2011-02-28.09:54:07	206	249	15
9	6	2011-02-28.09:54:12	198	248	18
9	6	2011-02-28.09:54:16	206	244	19
9	6	2011-02-28.09:54:21	197	241	17
9	6	2011-02-28.09:54:26	197	240	20
9	6	2011-02-28.09:54:30	190	240	19
9	6	2011-02-28.09:54:35	182	239	19
6	3	2011-02-28.09:54:40	176	241	17
3	3	2011-02-28.09:54:44	178	238	17
0	0	2011-02-28.09:54:49	163	236	17
0	0	2011-02-28.09:54:54	150	236	17
0	0	2011-02-28.09:54:58	150	238	17
3	0	2011-02-28.09:55:03	138	247	19
3	0	2011-02-28.09:55:07	127	243	19
0	0	2011-02-28.09:55:12	117	241	19
0	0	2011-02-28.09:55:16	108	241	19
0	0	2011-02-28.09:55:21	99	241	19
0	0	2011-02-28.09:55:26	91	241	19
0	0	2011-02-28.09:55:30	84	241	19
0	0	2011-02-28.09:55:35	77	241	19
3	0	2011-02-28.09:55:39	71	241	19
0	0	2011-02-28.09:55:44	65	241	19
0	0	2011-02-28.09:55:48	60	239	19
0	0	2011-02-28.09:55:53	60	240	21
0	0	2011-02-28.09:55:57	55	239	21
3	0	2011-02-28.09:56:02	51	247	21
0	0	2011-02-28.09:56:07	54	240	21
0	0	2011-02-28.09:56:11	50	238	21
0	0	2011-02-28.09:56:16	46	238	21
0	0	2011-02-28.09:56:20	42	238	21
0	0	2011-02-28.09:56:25	39	238	21
0	0	2011-02-28.09:56:29	36	237	21
0	0	2011-02-28.09:56:34	41	237	21
0	0	2011-02-28.09:56:39	38	237	21
0	0	2011-02-28.09:56:43	38	237	21
0	0	2011-02-28.09:56:48	35	235	21
0	0	2011-02-28.09:56:52	32	235	21
0	0	2011-02-28.09:56:57	37	236	23
3	0	2011-02-28.09:57:01	50	243	23
0	0	2011-02-28.09:57:06	46	243	23
0	0	2011-02-28.09:57:10	50	239	23
0	0	2011-02-28.09:57:15	46	237	23
0	0	2011-02-28.09:57:20	43	237	23
0	0	2011-02-28.09:57:24	47	237	23
0	0	2011-02-28.09:57:29	43	237	23
0	0	2011-02-28.09:57:33	43	237	23
0	0	2011-02-28.09:57:38	40	237	23
0	0	2011-02-28.09:57:42	37	237	23
0	0	2011-02-28.09:57:47	34	235	23
0	0	2011-02-28.09:57:52	31	235	23
0	0	2011-02-28.09:57:56	28	235	23
0	0	2011-02-28.09:58:01	26	235	23
3	0	2011-02-28.09:58:05	24	243	23
0	0	2011-02-28.09:58:10	22	239	23
0	0	2011-02-28.09:58:14	20	237	23
0	0	2011-02-28.09:58:19	27	237	23
0	0	2011-02-28.09:58:23	25	237	23
0	0	2011-02-28.09:58:28	25	237	23
0	0	2011-02-28.09:58:33	22	237	23
0	0	2011-02-28.09:58:37	29	237	23
0	0	2011-02-28.09:58:42	26	237	23
3	0	2011-02-28.09:58:46	24	248	56
3	0	2011-02-28.09:58:51	22	254	70
0	0	2011-02-28.09:58:56	20	252	71
0	0	2011-02-28.09:59:00	19	236	69
3	0	2011-02-28.09:59:05	17	245	63
3	0	2011-02-28.09:59:09	16	249	75
3	0	2011-02-28.09:59:14	15	250	66
3	0	2011-02-28.09:59:19	21	249	91
3	0	2011-02-28.09:59:23	21	255	106
3	0	2011-02-28.09:59:28	28	263	92
3	0	2011-02-28.09:59:33	25	245	81
3	0	2011-02-28.09:59:37	31	241	81
6	3	2011-02-28.09:59:42	29	242	65
3	0	2011-02-28.09:59:47	34	242	45
3	0	2011-02-28.09:59:51	32	245	51
9	3	2011-02-28.09:59:56	29	258	107
3	0	2011-02-28.10:00:00	27	261	117
3	0	2011-02-28.10:00:05	25	262	113
3	0	2011-02-28.10:00:10	23	245	117
3	0	2011-02-28.10:00:14	21	243	84
3	0	2011-02-28.10:00:19	19	243	71
0	0	2011-02-28.10:00:24	26	244	62
3	0	2011-02-28.10:00:28	23	249	70
3	0	2011-02-28.10:00:33	23	259	100
0	0	2011-02-28.10:00:38	22	248	88
3	0	2011-02-28.10:00:42	20	245	94
3	0	2011-02-28.10:00:47	18	241	98
3	0	2011-02-28.10:00:52	17	245	74
3	0	2011-02-28.10:00:56	15	241	56
6	3	2011-02-28.10:01:01	14	242	73
9	3	2011-02-28.10:01:05	13	262	90
3	0	2011-02-28.10:01:10	12	262	76
3	0	2011-02-28.10:01:15	11	246	76
0	0	2011-02-28.10:01:19	10	243	76
3	0	2011-02-28.10:01:24	9	250	70
3	0	2011-02-28.10:01:29	8	253	70
3	0	2011-02-28.10:01:33	8	250	82
3	0	2011-02-28.10:01:38	32	254	103
3	0	2011-02-28.10:01:43	29	261	117
3	0	2011-02-28.10:01:47	27	251	92
3	0	2011-02-28.10:01:52	25	245	109
3	0	2011-02-28.10:01:57	31	250	106
3	0	2011-02-28.10:02:01	28	264	76
3	0	2011-02-28.10:02:06	26	257	74
3	0	2011-02-28.10:02:11	24	255	99
3	0	2011-02-28.10:02:15	30	261	114
3	0	2011-02-28.10:02:20	27	252	96
6	3	2011-02-28.10:02:25	25	244	93
3	0	2011-02-28.10:02:29	23	240	78
3	0	2011-02-28.10:02:34	21	250	87
3	0	2011-02-28.10:02:39	20	253	78
3	0	2011-02-28.10:02:43	20	252	87
3	0	2011-02-28.10:02:48	18	250	111
3	0	2011-02-28.10:02:53	16	254	108
3	0	2011-02-28.10:02:57	15	244	94
3	0	2011-02-28.10:03:02	14	249	88
3	0	2011-02-28.10:03:07	13	250	61
3	0	2011-02-28.10:03:11	12	253	68
3	0	2011-02-28.10:03:16	11	246	68
3	0	2011-02-28.10:03:20	10	246	87
3	0	2011-02-28.10:03:25	9	251	102
3	0	2011-02-28.10:03:30	8	253	92
0	0	2011-02-28.10:03:34	8	244	92
3	0	2011-02-28.10:03:39	15	246	111
6	3	2011-02-28.10:03:44	14	249	88
6	3	2011-02-28.10:03:48	13	246	85
6	3	2011-02-28.10:03:53	13	241	85
6	3	2011-02-28.10:03:58	12	249	93
6	3	2011-02-28.10:04:02	19	258	96
3	0	2011-02-28.10:04:07	17	251	84
6	0	2011-02-28.10:04:12	16	247	81
3	0	2011-02-28.10:04:16	14	248	80
3	0	2011-02-28.10:04:21	13	256	89
0	0	2011-02-28.10:04:26	12	254	71
3	0	2011-02-28.10:04:30	11	257	117
3	0	2011-02-28.10:04:35	10	259	119
3	0	2011-02-28.10:04:40	9	253	99
3	0	2011-02-28.10:04:44	9	246	96
3	0	2011-02-28.10:04:49	8	247	68
3	0	2011-02-28.10:04:54	7	252	59
3	0	2011-02-28.10:04:58	7	250	58
9	3	2011-02-28.10:05:03	7	259	74
9	3	2011-02-28.10:05:07	14	266	112
6	3	2011-02-28.10:05:12	13	258	116
6	3	2011-02-28.10:05:17	12	253	111
3	0	2011-02-28.10:05:22	11	242	94
3	0	2011-02-28.10:05:26	10	244	68
3	0	2011-02-28.10:05:31	9	243	44
3	0	2011-02-28.10:05:35	8	244	52
3	0	2011-02-28.10:05:40	8	250	70
3	0	2011-02-28.10:05:45	7	262	98
3	0	2011-02-28.10:05:49	7	256	104
3	0	2011-02-28.10:05:54	6	255	116
3	0	2011-02-28.10:05:59	6	247	89
3	0	2011-02-28.10:06:03	5	249	71
3	0	2011-02-28.10:06:08	5	244	53
3	0	2011-02-28.10:06:13	13	240	51
3	0	2011-02-28.10:06:17	12	257	73
3	0	2011-02-28.10:06:22	11	269	89
3	0	2011-02-28.10:06:27	10	260	108
6	3	2011-02-28.10:06:31	9	251	109
6	3	2011-02-28.10:06:36	8	252	91
3	0	2011-02-28.10:06:41	16	242	83
3	0	2011-02-28.10:06:45	14	241	69
3	0	2011-02-28.10:06:50	13	243	54
3	0	2011-02-28.10:06:55	12	255	88
3	0	2011-02-28.10:06:59	11	250	91
6	0	2011-02-28.10:07:04	18	271	106
6	0	2011-02-28.10:07:09	25	258	121
3	0	2011-02-28.10:07:13	25	252	120
3	0	2011-02-28.10:07:18	23	250	81
3	0	2011-02-28.10:07:23	21	247	57
3	0	2011-02-28.10:07:27	19	251	64
3	0	2011-02-28.10:07:32	18	254	64
3	0	2011-02-28.10:07:36	16	265	99
3	0	2011-02-28.10:07:41	15	259	98
3	0	2011-02-28.10:07:46	14	258	119
3	0	2011-02-28.10:07:51	12	250	92
6	3	2011-02-28.10:07:55	27	245	80
6	3	2011-02-28.10:08:00	25	246	74
6	3	2011-02-28.10:08:05	23	254	68
3	0	2011-02-28.10:08:09	21	253	85
3	0	2011-02-28.10:08:14	20	251	91
3	0	2011-02-28.10:08:19	18	254	103
3	0	2011-02-28.10:08:23	18	254	101
3	0	2011-02-28.10:08:28	25	248	95
3	0	2011-02-28.10:08:33	22	248	88
0	0	2011-02-28.10:08:38	21	246	70
3	0	2011-02-28.10:08:42	19	247	62
3	0	2011-02-28.10:08:47	17	253	86
3	0	2011-02-28.10:08:52	24	253	95
3	0	2011-02-28.10:08:56	22	251	111
3	0	2011-02-28.10:09:01	20	261	108
3	0	2011-02-28.10:09:06	67	256	91
6	3	2011-02-28.10:09:10	61	252	82
6	3	2011-02-28.10:09:15	56	250	75
6	3	2011-02-28.10:09:20	52	248	81
6	3	2011-02-28.10:09:24	48	252	102
3	0	2011-02-28.10:09:29	52	251	93
3	0	2011-02-28.10:09:34	48	251	97
3	0	2011-02-28.10:09:38	48	249	97
3	0	2011-02-28.10:09:43	44	250	92
3	0	2011-02-28.10:09:47	48	247	82
3	0	2011-02-28.10:09:52	44	246	86
3	0	2011-02-28.10:09:57	41	247	92
3	0	2011-02-28.10:10:01	38	261	104
3	0	2011-02-28.10:10:06	35	252	95
6	0	2011-02-28.10:10:11	48	248	89
3	0	2011-02-28.10:10:15	44	257	111
3	0	2011-02-28.10:10:20	40	257	97
3	0	2011-02-28.10:10:25	37	258	89
6	0	2011-02-28.10:10:29	34	261	117
6	3	2011-02-28.10:10:34	31	263	115
6	3	2011-02-28.10:10:39	29	259	90
6	3	2011-02-28.10:10:43	27	249	86
6	3	2011-02-28.10:10:48	27	258	119
3	0	2011-02-28.10:10:53	24	260	103
3	0	2011-02-28.10:10:57	22	253	95
3	0	2011-02-28.10:11:02	21	250	92
3	0	2011-02-28.10:11:07	19	252	98
3	0	2011-02-28.10:11:11	17	252	74
3	0	2011-02-28.10:11:16	16	247	85
3	0	2011-02-28.10:11:21	23	249	97
3	0	2011-02-28.10:11:25	21	259	97
0	0	2011-02-28.10:11:30	19	252	92
3	0	2011-02-28.10:11:35	18	241	83
3	0	2011-02-28.10:11:39	72	247	89
0	0	2011-02-28.10:11:44	66	248	70
3	0	2011-02-28.10:11:49	61	247	67
3	0	2011-02-28.10:11:53	61	243	78
6	3	2011-02-28.10:11:58	72	252	107
9	3	2011-02-28.10:12:03	74	266	95
6	3	2011-02-28.10:12:07	76	248	96
3	0	2011-02-28.10:12:12	86	245	104
3	0	2011-02-28.10:12:17	87	251	90
3	0	2011-02-28.10:12:21	88	250	75
0	0	2011-02-28.10:12:26	81	241	72
3	0	2011-02-28.10:12:30	75	246	90
3	0	2011-02-28.10:12:35	85	252	77
3	0	2011-02-28.10:12:40	86	254	81
3	0	2011-02-28.10:12:44	79	253	110
3	0	2011-02-28.10:12:49	73	258	121
3	0	2011-02-28.10:12:54	99	252	94
0	0	2011-02-28.10:12:58	99	238	89
3	0	2011-02-28.10:13:03	99	250	70
6	0	2011-02-28.10:13:08	91	255	74
3	0	2011-02-28.10:13:12	84	257	74
6	3	2011-02-28.10:13:17	77	254	78
9	3	2011-02-28.10:13:22	95	266	125
9	3	2011-02-28.10:13:26	87	262	101
6	3	2011-02-28.10:13:31	88	250	95
6	3	2011-02-28.10:13:36	81	245	94
3	3	2011-02-28.10:13:36	81	245	92
3	0	2011-02-28.10:13:41	75	248	61
0	0	2011-02-28.10:13:46	68	246	53
3	0	2011-02-28.10:13:51	63	249	71
3	0	2011-02-28.10:13:55	82	261	98
3	0	2011-02-28.10:14:00	83	262	104
3	0	2011-02-28.10:14:05	77	263	105
0	0	2011-02-28.10:14:09	70	245	99
3	0	2011-02-28.10:14:14	65	245	90
3	0	2011-02-28.10:14:19	60	247	60
3	0	2011-02-28.10:14:23	55	251	81
3	0	2011-02-28.10:14:28	55	254	92
3	0	2011-02-28.10:14:33	50	251	82
3	0	2011-02-28.10:14:37	46	247	75
6	3	2011-02-28.10:14:42	43	244	87
6	3	2011-02-28.10:14:47	39	249	78
6	3	2011-02-28.10:14:51	36	255	67
6	3	2011-02-28.10:14:56	33	253	94
3	0	2011-02-28.10:15:01	30	257	105
3	0	2011-02-28.10:15:05	28	266	102
3	0	2011-02-28.10:15:10	26	247	102
3	0	2011-02-28.10:15:15	32	248	96
3	0	2011-02-28.10:15:19	29	251	69
0	0	2011-02-28.10:15:24	27	243	58
0	0	2011-02-28.10:15:29	25	242	56
3	0	2011-02-28.10:15:33	25	252	78
3	0	2011-02-28.10:15:38	23	260	78
3	0	2011-02-28.10:15:42	21	255	72
3	0	2011-02-28.10:15:47	19	250	84
3	0	2011-02-28.10:15:52	17	253	90
3	0	2011-02-28.10:15:56	16	251	71
9	3	2011-02-28.10:16:01	15	263	92
6	3	2011-02-28.10:16:06	14	261	100
18	3	2011-02-28.10:16:10	20	267	100
12	3	2011-02-28.10:16:15	27	252	100
3	0	2011-02-28.10:16:20	33	249	95
3	0	2011-02-28.10:16:24	30	250	83
3	0	2011-02-28.10:16:29	28	255	69
3	0	2011-02-28.10:16:34	25	252	60
3	0	2011-02-28.10:16:38	25	248	61
3	0	2011-02-28.10:16:43	23	259	92
3	0	2011-02-28.10:16:48	21	255	88
3	0	2011-02-28.10:16:52	20	252	104
3	0	2011-02-28.10:16:57	18	252	100
3	0	2011-02-28.10:17:02	25	257	73
3	0	2011-02-28.10:17:06	23	261	95
3	0	2011-02-28.10:17:11	21	261	108
3	0	2011-02-28.10:17:16	27	256	117
3	0	2011-02-28.10:17:20	25	255	104
6	3	2011-02-28.10:17:25	23	248	84
6	3	2011-02-28.10:17:30	21	243	75
3	0	2011-02-28.10:17:34	19	247	47
3	0	2011-02-28.10:17:39	18	252	63
3	0	2011-02-28.10:17:44	16	256	84
6	0	2011-02-28.10:17:48	16	265	104
3	0	2011-02-28.10:17:53	15	253	113
3	0	2011-02-28.10:17:58	14	243	107
3	0	2011-02-28.10:18:02	13	253	95
3	0	2011-02-28.10:18:07	12	248	57
3	0	2011-02-28.10:18:12	19	243	63
3	0	2011-02-28.10:18:16	17	252	87
3	0	2011-02-28.10:18:21	16	268	108
3	0	2011-02-28.10:18:25	22	257	114
3	0	2011-02-28.10:18:30	21	251	112
3	0	2011-02-28.10:18:35	19	244	96
0	0	2011-02-28.10:18:39	25	243	78
3	0	2011-02-28.10:18:44	23	240	54
9	3	2011-02-28.10:18:49	37	250	84
6	3	2011-02-28.10:18:53	34	251	78
9	3	2011-02-28.10:18:58	34	264	117
3	0	2011-02-28.10:19:03	32	263	117
3	0	2011-02-28.10:19:07	29	251	114
6	0	2011-02-28.10:19:12	35	247	92
3	0	2011-02-28.10:19:17	32	248	51
3	0	2011-02-28.10:19:22	29	255	78
3	0	2011-02-28.10:19:26	27	257	84
3	0	2011-02-28.10:19:31	25	267	117
3	0	2011-02-28.10:19:36	23	259	115
3	0	2011-02-28.10:19:40	21	251	108
3	0	2011-02-28.10:19:45	19	249	81
3	0	2011-02-28.10:19:50	18	245	56
3	0	2011-02-28.10:19:54	16	243	45
3	0	2011-02-28.10:19:59	31	253	75
9	3	2011-02-28.10:20:03	28	267	95
6	3	2011-02-28.10:20:08	28	263	121
6	3	2011-02-28.10:20:13	26	250	118
3	0	2011-02-28.10:20:18	24	245	97
3	0	2011-02-28.10:20:22	22	244	77
3	0	2011-02-28.10:20:27	20	245	57
3	0	2011-02-28.10:20:31	19	254	83
3	0	2011-02-28.10:20:36	17	256	89
3	0	2011-02-28.10:20:41	16	258	99
3	0	2011-02-28.10:20:45	14	259	119
3	0	2011-02-28.10:20:50	13	252	107
3	0	2011-02-28.10:20:55	12	243	89
0	0	2011-02-28.10:20:59	11	239	77
3	0	2011-02-28.10:21:04	10	250	65
3	0	2011-02-28.10:21:09	9	253	74
3	0	2011-02-28.10:21:13	9	259	101
3	0	2011-02-28.10:21:18	9	254	114
3	0	2011-02-28.10:21:23	8	260	114
3	0	2011-02-28.10:21:27	15	248	93
6	3	2011-02-28.10:21:32	22	242	79
6	3	2011-02-28.10:21:37	28	241	58
6	3	2011-02-28.10:21:41	26	248	73
0	0	2011-02-28.10:21:46	24	244	67
3	0	2011-02-28.10:21:51	22	248	90
3	0	2011-02-28.10:21:55	20	253	103
3	0	2011-02-28.10:22:00	27	251	111
3	0	2011-02-28.10:22:05	24	257	107
3	0	2011-02-28.10:22:09	22	252	85
0	0	2011-02-28.10:22:14	21	244	80
0	0	2011-02-28.10:22:19	19	244	64
3	0	2011-02-28.10:22:23	19	252	82
3	0	2011-02-28.10:22:28	25	262	75
3	0	2011-02-28.10:22:33	23	257	90
3	0	2011-02-28.10:22:37	45	269	120
3	0	2011-02-28.10:22:42	50	258	117
3	0	2011-02-28.10:22:47	46	242	101
3	0	2011-02-28.10:22:51	50	242	75
6	3	2011-02-28.10:22:56	54	248	49
3	0	2011-02-28.10:23:01	50	250	62
6	0	2011-02-28.10:23:05	46	269	98
3	0	2011-02-28.10:23:10	42	266	124
3	0	2011-02-28.10:23:15	39	259	117
3	0	2011-02-28.10:23:19	44	244	104
3	0	2011-02-28.10:23:24	40	245	96
3	0	2011-02-28.10:23:29	45	244	73
3	0	2011-02-28.10:23:33	41	251	77
3	0	2011-02-28.10:23:38	41	248	73
3	0	2011-02-28.10:23:43	38	247	94
3	0	2011-02-28.10:23:47	51	251	92
0	0	2011-02-28.10:23:52	47	244	84
3	0	2011-02-28.10:23:57	43	238	67
0	0	2011-02-28.10:24:01	39	238	54
9	3	2011-02-28.10:24:06	36	269	88
6	3	2011-02-28.10:24:10	33	274	79
6	3	2011-02-28.10:24:15	31	261	90
9	3	2011-02-28.10:24:20	28	254	112
6	3	2011-02-28.10:24:24	26	258	110
3	0	2011-02-28.10:24:29	40	250	82
3	0	2011-02-28.10:24:34	45	246	90
3	0	2011-02-28.10:24:38	49	247	64
6	0	2011-02-28.10:24:43	49	260	112
3	0	2011-02-28.10:24:48	45	257	109
3	0	2011-02-28.10:24:52	49	255	112
3	0	2011-02-28.10:24:57	45	249	115
3	0	2011-02-28.10:25:02	42	253	87
3	0	2011-02-28.10:25:06	38	246	56
12	0	2011-02-28.10:25:11	43	244	56
3	0	2011-02-28.10:25:16	40	253	73
3	0	2011-02-28.10:25:21	37	262	100
3	0	2011-02-28.10:25:25	34	259	102
9	3	2011-02-28.10:25:30	31	263	117
6	3	2011-02-28.10:25:35	28	260	107
9	3	2011-02-28.10:25:39	26	246	56
6	3	2011-02-28.10:25:44	24	246	59
6	3	2011-02-28.10:25:49	22	246	41
6	3	2011-02-28.10:25:53	22	249	45
3	0	2011-02-28.10:25:58	20	260	69
6	0	2011-02-28.10:26:02	19	273	102
3	0	2011-02-28.10:26:07	17	262	123
0	0	2011-02-28.10:26:12	16	247	119
3	0	2011-02-28.10:26:16	14	243	97
3	0	2011-02-28.10:26:21	13	242	88
3	0	2011-02-28.10:26:26	12	244	54
3	0	2011-02-28.10:26:30	11	249	69
3	0	2011-02-28.10:26:35	10	260	108
3	0	2011-02-28.10:26:40	9	257	120
3	0	2011-02-28.10:26:45	9	255	118
3	0	2011-02-28.10:26:49	8	238	109
6	3	2011-02-28.10:26:54	7	238	93
6	3	2011-02-28.10:26:59	7	240	59
9	3	2011-02-28.10:27:03	7	257	71
6	3	2011-02-28.10:27:08	6	251	67
3	0	2011-02-28.10:27:12	22	260	115
3	0	2011-02-28.10:27:17	20	257	110
3	0	2011-02-28.10:27:22	18	249	98
3	0	2011-02-28.10:27:26	25	242	84
3	0	2011-02-28.10:27:31	31	242	63
3	0	2011-02-28.10:27:36	28	246	57
3	0	2011-02-28.10:27:40	26	250	74
3	0	2011-02-28.10:27:45	24	253	101
0	0	2011-02-28.10:27:50	22	246	96
3	0	2011-02-28.10:27:54	28	244	89
3	0	2011-02-28.10:27:59	26	243	66
3	0	2011-02-28.10:28:04	24	248	57
6	0	2011-02-28.10:28:08	24	251	60
6	0	2011-02-28.10:28:13	22	255	82
3	0	2011-02-28.10:28:17	20	255	85
6	3	2011-02-28.10:28:22	35	249	86
6	3	2011-02-28.10:28:27	40	248	80
0	0	2011-02-28.10:28:31	37	248	59
0	0	2011-02-28.10:28:36	34	245	59
3	0	2011-02-28.10:28:41	31	246	59
3	0	2011-02-28.10:28:45	28	249	74
0	0	2011-02-28.10:28:50	26	247	74
3	0	2011-02-28.10:28:54	40	256	95
3	0	2011-02-28.10:28:59	37	259	104
3	0	2011-02-28.10:29:04	34	258	96
3	0	2011-02-28.10:29:08	31	251	104
3	0	2011-02-28.10:29:13	31	249	90
3	0	2011-02-28.10:29:18	29	250	99
3	0	2011-02-28.10:29:22	26	250	75
3	0	2011-02-28.10:29:27	24	256	93
3	0	2011-02-28.10:29:32	30	254	103
6	3	2011-02-28.10:29:36	36	250	99
6	3	2011-02-28.10:29:41	41	247	87
12	6	2011-02-28.10:29:46	62	249	102
6	3	2011-02-28.10:29:50	73	249	80
3	0	2011-02-28.10:29:55	67	249	68
3	0	2011-02-28.10:30:00	61	242	77
9	3	2011-02-28.10:30:04	64	264	110
6	3	2011-02-28.10:30:09	59	263	101
6	3	2011-02-28.10:30:14	55	250	113
3	0	2011-02-28.10:30:18	50	248	114
3	0	2011-02-28.10:30:23	50	253	91
3	0	2011-02-28.10:30:28	46	247	84
0	0	2011-02-28.10:30:32	42	243	80
3	0	2011-02-28.10:30:37	39	246	75
3	0	2011-02-28.10:30:42	36	253	72
0	0	2011-02-28.10:30:46	33	250	72
3	0	2011-02-28.10:30:51	30	246	83
6	3	2011-02-28.10:30:56	36	249	98
3	0	2011-02-28.10:31:00	33	249	72
9	3	2011-02-28.10:31:05	30	252	76
12	3	2011-02-28.10:31:09	28	253	84
6	3	2011-02-28.10:31:14	26	255	67
3	0	2011-02-28.10:31:19	24	258	89
3	0	2011-02-28.10:31:23	38	257	91
3	0	2011-02-28.10:31:28	38	261	121
3	0	2011-02-28.10:31:33	35	257	111
0	0	2011-02-28.10:31:37	48	251	96
3	0	2011-02-28.10:31:42	44	246	81
3	0	2011-02-28.10:31:47	40	247	67
0	0	2011-02-28.10:31:51	61	245	54
3	0	2011-02-28.10:31:56	64	256	76
3	0	2011-02-28.10:32:01	67	257	91
3	0	2011-02-28.10:32:05	62	260	97
3	0	2011-02-28.10:32:10	57	250	89
3	0	2011-02-28.10:32:15	68	248	84
3	0	2011-02-28.10:32:19	63	247	71
6	3	2011-02-28.10:32:24	58	245	65
6	3	2011-02-28.10:32:29	53	249	82
6	3	2011-02-28.10:32:33	53	251	70
3	0	2011-02-28.10:32:38	49	255	109
3	0	2011-02-28.10:32:43	53	254	97
3	0	2011-02-28.10:32:47	49	249	94
3	0	2011-02-28.10:32:52	45	242	93
3	0	2011-02-28.10:32:56	49	247	87
3	0	2011-02-28.10:33:01	53	254	81
3	0	2011-02-28.10:33:06	65	253	92
6	3	2011-02-28.10:33:10	60	255	101
3	0	2011-02-28.10:33:15	55	251	113
3	0	2011-02-28.10:33:20	50	245	109
3	0	2011-02-28.10:33:24	54	237	80
3	0	2011-02-28.10:33:29	50	237	77
3	0	2011-02-28.10:33:34	54	244	55
3	0	2011-02-28.10:33:38	50	251	67
3	0	2011-02-28.10:33:43	50	251	85
9	3	2011-02-28.10:33:48	46	259	121
6	3	2011-02-28.10:33:52	50	253	121
6	3	2011-02-28.10:33:57	46	236	98
3	0	2011-02-28.10:34:02	42	246	80
3	0	2011-02-28.10:34:06	39	239	73
15	0	2011-02-28.10:34:11	44	244	42
3	0	2011-02-28.10:34:16	48	243	44
3	0	2011-02-28.10:34:20	52	257	89
3	0	2011-02-28.10:34:25	56	259	88
0	0	2011-02-28.10:34:29	52	249	82
3	0	2011-02-28.10:34:34	47	246	95
3	0	2011-02-28.10:34:39	44	247	77
3	0	2011-02-28.10:34:43	40	245	62
0	0	2011-02-28.10:34:48	40	242	56
3	0	2011-02-28.10:34:53	37	245	52
3	0	2011-02-28.10:34:57	34	251	67
3	0	2011-02-28.10:35:02	31	257	69
3	0	2011-02-28.10:35:06	29	250	62
6	3	2011-02-28.10:35:11	34	244	76
6	3	2011-02-28.10:35:16	40	254	82
3	0	2011-02-28.10:35:20	44	252	78
3	0	2011-02-28.10:35:25	41	249	97
3	0	2011-02-28.10:35:30	38	251	96
0	0	2011-02-28.10:35:34	35	245	76
0	0	2011-02-28.10:35:39	32	237	67
3	0	2011-02-28.10:35:44	29	242	73
3	0	2011-02-28.10:35:48	29	250	85
3	0	2011-02-28.10:35:53	27	254	97
3	0	2011-02-28.10:35:58	41	246	100
3	0	2011-02-28.10:36:02	37	256	99
3	0	2011-02-28.10:36:07	34	255	101
3	0	2011-02-28.10:36:12	40	242	84
3	0	2011-02-28.10:36:16	36	240	79
3	0	2011-02-28.10:36:21	33	245	77
6	3	2011-02-28.10:36:26	47	253	61
6	3	2011-02-28.10:36:30	75	243	58
9	3	2011-02-28.10:36:35	93	249	87
6	3	2011-02-28.10:36:39	86	252	84
0	0	2011-02-28.10:36:44	79	243	74
0	0	2011-02-28.10:36:49	72	235	74
3	0	2011-02-28.10:36:53	72	240	54
3	0	2011-02-28.10:36:58	67	251	78
3	0	2011-02-28.10:37:03	61	257	83
3	0	2011-02-28.10:37:07	56	260	116
9	0	2011-02-28.10:37:12	60	251	112
3	0	2011-02-28.10:37:17	55	248	92
3	0	2011-02-28.10:37:21	58	246	90
3	0	2011-02-28.10:37:26	54	249	72
3	0	2011-02-28.10:37:31	49	247	66
3	0	2011-02-28.10:37:35	45	254	96
3	0	2011-02-28.10:37:40	58	262	101
3	0	2011-02-28.10:37:45	53	260	112
6	3	2011-02-28.10:37:49	73	246	101
9	3	2011-02-28.10:37:54	75	250	95
6	3	2011-02-28.10:37:59	69	249	85
3	0	2011-02-28.10:38:03	69	251	76
6	3	2011-02-28.10:38:08	63	252	99
3	0	2011-02-28.10:38:12	66	250	90
3	0	2011-02-28.10:38:17	77	251	94
3	0	2011-02-28.10:38:22	71	241	96
3	0	2011-02-28.10:38:26	65	245	107
3	0	2011-02-28.10:38:31	68	246	83
3	0	2011-02-28.10:38:36	62	241	60
3	0	2011-02-28.10:38:40	57	242	73
3	0	2011-02-28.10:38:45	53	253	100
3	0	2011-02-28.10:38:50	48	250	97
3	0	2011-02-28.10:38:54	45	244	89
3	0	2011-02-28.10:38:59	41	242	105
3	0	2011-02-28.10:39:04	38	250	88
3	0	2011-02-28.10:39:08	38	246	66
6	3	2011-02-28.10:39:13	35	237	58
6	3	2011-02-28.10:39:18	32	247	71
3	0	2011-02-28.10:39:22	29	249	59
3	0	2011-02-28.10:39:27	27	248	82
3	0	2011-02-28.10:39:31	25	252	100
3	0	2011-02-28.10:39:36	31	251	88
3	0	2011-02-28.10:39:41	28	248	81
0	0	2011-02-28.10:39:45	26	238	84
3	0	2011-02-28.10:39:50	24	242	79
3	0	2011-02-28.10:39:55	22	251	81
0	0	2011-02-28.10:40:00	20	243	78
6	0	2011-02-28.10:40:04	18	256	103
6	0	2011-02-28.10:40:09	17	261	117
3	0	2011-02-28.10:40:14	16	251	88
3	0	2011-02-28.10:40:18	16	243	88
3	0	2011-02-28.10:40:23	14	247	86
3	0	2011-02-28.10:40:28	13	254	65
3	0	2011-02-28.10:40:32	28	258	59
3	0	2011-02-28.10:40:37	26	247	60
3	0	2011-02-28.10:40:41	24	251	75
3	0	2011-02-28.10:40:46	22	254	79
3	0	2011-02-28.10:40:51	20	249	82
0	0	2011-02-28.10:40:56	18	244	88
3	0	2011-02-28.10:41:00	25	253	98
3	0	2011-02-28.10:41:05	23	262	79
3	0	2011-02-28.10:41:10	21	246	75
3	0	2011-02-28.10:41:14	19	245	82
3	0	2011-02-28.10:41:19	18	248	78
3	0	2011-02-28.10:41:24	24	247	74
3	0	2011-02-28.10:41:28	22	245	75
3	0	2011-02-28.10:41:33	22	252	106
3	0	2011-02-28.10:41:38	21	249	80
0	0	2011-02-28.10:41:42	19	245	74
6	3	2011-02-28.10:41:47	25	248	77
6	3	2011-02-28.10:41:52	23	249	92
9	3	2011-02-28.10:41:56	21	248	88
6	3	2011-02-28.10:42:01	28	249	109
3	0	2011-02-28.10:42:06	33	255	97
3	0	2011-02-28.10:42:10	31	245	80
3	0	2011-02-28.10:42:15	28	239	68
3	0	2011-02-28.10:42:20	26	247	67
3	0	2011-02-28.10:42:24	24	253	81
3	0	2011-02-28.10:42:29	22	249	98
3	0	2011-02-28.10:42:34	20	252	111
3	0	2011-02-28.10:42:38	20	249	112
3	0	2011-02-28.10:42:43	18	250	105
3	0	2011-02-28.10:42:48	25	247	80
3	0	2011-02-28.10:42:52	23	240	83
3	0	2011-02-28.10:42:57	21	242	76
3	0	2011-02-28.10:43:01	19	258	85
3	0	2011-02-28.10:43:06	18	256	99
15	3	2011-02-28.10:43:11	16	263	110
12	3	2011-02-28.10:43:15	15	253	101
6	3	2011-02-28.10:43:20	14	240	92
6	3	2011-02-28.10:43:25	13	246	88
6	3	2011-02-28.10:43:29	12	252	82
3	0	2011-02-28.10:43:34	11	251	73
3	0	2011-02-28.10:43:39	10	258	102
3	0	2011-02-28.10:43:43	17	260	128
3	0	2011-02-28.10:43:48	17	256	125
0	0	2011-02-28.10:43:53	16	251	110
3	0	2011-02-28.10:43:57	14	243	101
3	0	2011-02-28.10:44:02	13	256	91
3	0	2011-02-28.10:44:07	20	250	87
3	0	2011-02-28.10:44:12	18	255	111
3	0	2011-02-28.10:44:16	17	256	122
3	0	2011-02-28.10:44:21	16	250	124
0	0	2011-02-28.10:44:26	14	245	110
3	0	2011-02-28.10:44:30	13	240	91
6	3	2011-02-28.10:44:35	36	240	76
6	3	2011-02-28.10:44:40	41	240	66
9	3	2011-02-28.10:44:44	46	252	87
6	3	2011-02-28.10:44:49	50	257	106
3	0	2011-02-28.10:44:54	54	258	130
0	0	2011-02-28.10:44:59	50	249	128
3	0	2011-02-28.10:45:04	46	249	96
3	0	2011-02-28.10:45:08	42	240	75
3	0	2011-02-28.10:45:13	42	243	61
3	0	2011-02-28.10:45:18	39	253	76
3	0	2011-02-28.10:45:22	36	253	94
3	0	2011-02-28.10:45:27	33	248	106
3	0	2011-02-28.10:45:32	54	255	129
3	0	2011-02-28.10:45:37	50	245	112
0	0	2011-02-28.10:45:41	46	238	85
0	0	2011-02-28.10:45:46	42	235	67
3	0	2011-02-28.10:45:51	47	243	64
3	0	2011-02-28.10:45:55	43	248	66
6	3	2011-02-28.10:46:00	39	252	84
9	3	2011-02-28.10:46:05	36	262	114
9	3	2011-02-28.10:46:09	33	259	120
3	0	2011-02-28.10:46:14	31	243	88
3	0	2011-02-28.10:46:19	28	243	77
3	0	2011-02-28.10:46:23	28	246	46
3	0	2011-02-28.10:46:28	34	252	73
3	0	2011-02-28.10:46:32	31	252	73
3	0	2011-02-28.10:46:37	29	261	115
3	0	2011-02-28.10:46:42	26	257	118
3	0	2011-02-28.10:46:46	24	251	108
3	0	2011-02-28.10:46:51	22	246	92
3	0	2011-02-28.10:46:56	20	247	94
3	0	2011-02-28.10:47:01	19	269	94
3	0	2011-02-28.10:47:05	17	261	85
3	0	2011-02-28.10:47:10	40	247	102
3	0	2011-02-28.10:47:15	37	248	100
6	3	2011-02-28.10:47:19	42	244	91
6	3	2011-02-28.10:47:24	46	247	97
6	3	2011-02-28.10:47:29	51	246	82
3	0	2011-02-28.10:47:34	47	241	65
0	0	2011-02-28.10:47:38	47	239	68
3	0	2011-02-28.10:47:43	43	245	70
3	0	2011-02-28.10:47:47	47	251	70
0	0	2011-02-28.10:47:52	43	240	70
3	0	2011-02-28.10:47:57	40	238	78
3	0	2011-02-28.10:48:01	37	255	92
3	0	2011-02-28.10:48:06	34	251	68
0	0	2011-02-28.10:48:11	39	242	68
3	0	2011-02-28.10:48:15	36	242	77
3	0	2011-02-28.10:48:20	33	249	80
3	0	2011-02-28.10:48:25	30	254	95
0	0	2011-02-28.10:48:29	28	244	92
0	0	2011-02-28.10:48:34	26	245	95
3	0	2011-02-28.10:48:39	32	241	82
6	3	2011-02-28.10:48:43	32	240	65
6	3	2011-02-28.10:48:48	29	239	55
3	3	2011-02-28.10:48:52	27	238	49
0	0	2011-02-28.10:48:57	33	237	53
3	0	2011-02-28.10:49:02	30	256	65
3	0	2011-02-28.10:49:06	27	253	59
12	0	2011-02-28.10:49:11	25	249	48
0	0	2011-02-28.10:49:15	23	243	57
0	0	2011-02-28.10:49:20	21	243	42
3	0	2011-02-28.10:49:25	36	246	48
0	0	2011-02-28.10:49:29	33	243	48
0	0	2011-02-28.10:49:34	30	243	54
0	0	2011-02-28.10:49:38	28	244	58
3	0	2011-02-28.10:49:43	28	247	55
3	0	2011-02-28.10:49:48	25	248	63
3	0	2011-02-28.10:49:52	23	252	69
3	0	2011-02-28.10:49:57	21	253	74
6	3	2011-02-28.10:50:02	20	259	75
6	3	2011-02-28.10:50:06	18	254	93
3	0	2011-02-28.10:50:11	17	248	91
3	0	2011-02-28.10:50:16	15	241	77
3	0	2011-02-28.10:50:20	14	239	67
3	0	2011-02-28.10:50:25	13	239	53
3	0	2011-02-28.10:50:30	12	251	79
3	0	2011-02-28.10:50:34	11	252	83
3	0	2011-02-28.10:50:39	10	251	87
3	0	2011-02-28.10:50:44	9	252	88
3	0	2011-02-28.10:50:48	9	247	79
3	0	2011-02-28.10:50:53	48	247	73
3	0	2011-02-28.10:50:57	45	248	72
3	0	2011-02-28.10:51:02	41	251	60
3	0	2011-02-28.10:51:07	38	244	55
9	6	2011-02-28.10:51:11	35	240	55
6	3	2011-02-28.10:51:17	56	242	43
12	9	2011-02-28.10:51:21	67	244	50
12	6	2011-02-28.10:51:28	78	257	74
15	9	2011-02-28.10:51:33	88	254	82
9	6	2011-02-28.10:51:39	97	251	88
9	6	2011-02-28.10:51:44	105	250	55
9	6	2011-02-28.10:51:50	113	243	49
9	6	2011-02-28.10:51:56	192	245	55
12	6	2011-02-28.10:52:01	184	263	81
12	6	2011-02-28.10:52:06	178	261	73
15	6	2011-02-28.10:52:12	187	249	73
15	6	2011-02-28.10:52:17	188	251	74
9	6	2011-02-28.10:52:22	197	255	61
6	3	2011-02-28.10:52:27	189	253	60
3	0	2011-02-28.10:52:31	174	261	92
3	0	2011-02-28.10:52:36	160	264	107
3	0	2011-02-28.10:52:41	147	259	93
6	3	2011-02-28.10:52:45	136	254	95
6	3	2011-02-28.10:52:50	125	246	86
6	3	2011-02-28.10:52:54	115	252	76
3	3	2011-02-28.10:52:59	106	252	61
9	3	2011-02-28.10:53:04	113	276	106
3	0	2011-02-28.10:53:08	104	267	106
3	0	2011-02-28.10:53:13	104	259	112
3	0	2011-02-28.10:53:18	96	250	94
3	0	2011-02-28.10:53:22	88	246	86
3	0	2011-02-28.10:53:27	81	249	68
3	0	2011-02-28.10:53:32	82	254	67
3	0	2011-02-28.10:53:36	76	250	65
3	0	2011-02-28.10:53:41	70	256	101
3	0	2011-02-28.10:53:46	64	257	110
3	0	2011-02-28.10:53:50	59	251	88
3	0	2011-02-28.10:53:55	54	245	83
3	0	2011-02-28.10:54:00	50	247	60
6	3	2011-02-28.10:54:04	46	260	59
6	3	2011-02-28.10:54:09	50	260	74
6	3	2011-02-28.10:54:14	62	267	101
3	0	2011-02-28.10:54:18	62	256	95
3	0	2011-02-28.10:54:23	65	244	94
3	0	2011-02-28.10:54:28	60	251	97
0	0	2011-02-28.10:54:32	55	249	51
0	0	2011-02-28.10:54:37	51	249	51
3	0	2011-02-28.10:54:41	47	253	77
3	0	2011-02-28.10:54:46	43	263	113
3	0	2011-02-28.10:54:51	39	266	119
3	0	2011-02-28.10:54:56	36	249	121
3	0	2011-02-28.10:55:00	33	246	112
3	0	2011-02-28.10:55:05	31	260	107
6	0	2011-02-28.10:55:10	44	257	71
3	0	2011-02-28.10:55:14	40	249	67
3	0	2011-02-28.10:55:19	37	255	85
6	3	2011-02-28.10:55:24	34	269	106
3	0	2011-02-28.10:55:28	39	263	103
6	3	2011-02-28.10:55:33	39	250	103
6	3	2011-02-28.10:55:38	44	250	94
0	0	2011-02-28.10:55:42	49	251	59
3	0	2011-02-28.10:55:47	45	249	54
3	0	2011-02-28.10:55:52	41	252	76
3	0	2011-02-28.10:55:56	46	268	110
0	0	2011-02-28.10:56:01	42	262	95
3	0	2011-02-28.10:56:06	39	256	95
3	0	2011-02-28.10:56:10	36	249	97
3	0	2011-02-28.10:56:15	33	252	63
0	0	2011-02-28.10:56:20	30	253	65
3	0	2011-02-28.10:56:24	28	246	74
3	0	2011-02-28.10:56:29	33	256	104
0	0	2011-02-28.10:56:33	31	257	85
3	0	2011-02-28.10:56:38	31	247	75
3	0	2011-02-28.10:56:43	44	246	81
3	0	2011-02-28.10:56:47	57	250	81
6	3	2011-02-28.10:56:52	68	259	90
6	3	2011-02-28.10:56:57	71	253	89
9	3	2011-02-28.10:57:01	65	270	117
3	0	2011-02-28.10:57:06	60	265	111
0	0	2011-02-28.10:57:11	55	250	84
0	0	2011-02-28.10:57:15	51	242	69
3	0	2011-02-28.10:57:20	46	244	57
3	0	2011-02-28.10:57:25	43	251	51
3	0	2011-02-28.10:57:29	39	255	65
3	0	2011-02-28.10:57:34	44	262	107
3	0	2011-02-28.10:57:38	41	259	112
3	0	2011-02-28.10:57:43	41	256	94
3	0	2011-02-28.10:57:48	37	245	97
0	0	2011-02-28.10:57:52	34	244	85
0	0	2011-02-28.10:57:57	31	245	55
3	0	2011-02-28.10:58:02	29	253	59
3	0	2011-02-28.10:58:06	27	255	70
12	3	2011-02-28.10:58:11	32	266	92
6	3	2011-02-28.10:58:16	46	259	95
6	3	2011-02-28.10:58:20	42	249	91
6	3	2011-02-28.10:58:25	39	247	76
3	0	2011-02-28.10:58:30	36	253	63
3	0	2011-02-28.10:58:34	41	261	65
3	0	2011-02-28.10:58:39	37	260	83
6	0	2011-02-28.10:58:43	34	274	125
3	0	2011-02-28.10:58:48	34	261	125
3	0	2011-02-28.10:58:53	32	243	99
3	0	2011-02-28.10:58:58	37	245	99
3	0	2011-02-28.10:59:02	34	255	45
3	0	2011-02-28.10:59:07	31	251	43
3	0	2011-02-28.10:59:11	29	250	55
3	0	2011-02-28.10:59:16	34	254	73
3	0	2011-02-28.10:59:21	32	260	101
3	0	2011-02-28.10:59:25	29	260	118
3	0	2011-02-28.10:59:30	27	254	120
6	3	2011-02-28.10:59:35	33	252	89
6	3	2011-02-28.10:59:39	46	249	74
6	3	2011-02-28.10:59:44	42	251	75
6	3	2011-02-28.10:59:49	39	262	109
3	0	2011-02-28.10:59:53	36	264	124
3	0	2011-02-28.10:59:58	36	265	115
3	0	2011-02-28.11:00:03	41	250	97
3	0	2011-02-28.11:00:08	51	251	88
6	3	2011-02-28.11:00:13	51	247	44
3	0	2011-02-28.11:00:18	47	248	51
6	3	2011-02-28.11:00:22	51	255	78
3	0	2011-02-28.11:00:27	47	265	116
3	0	2011-02-28.11:00:32	43	270	122
3	0	2011-02-28.11:00:36	39	251	114
3	0	2011-02-28.11:00:41	36	248	108
3	0	2011-02-28.11:00:46	33	242	76
3	0	2011-02-28.11:00:50	39	244	61
6	3	2011-02-28.11:00:55	52	245	61
9	3	2011-02-28.11:01:00	63	252	74
9	3	2011-02-28.11:01:04	74	265	81
9	3	2011-02-28.11:01:09	68	262	89
9	3	2011-02-28.11:01:14	63	260	101
6	3	2011-02-28.11:01:18	63	267	100
3	0	2011-02-28.11:01:23	58	260	97
3	0	2011-02-28.11:01:28	53	257	117
3	0	2011-02-28.11:01:32	49	256	101
3	0	2011-02-28.11:01:37	45	261	82
3	0	2011-02-28.11:01:42	41	258	78
3	0	2011-02-28.11:01:46	38	250	75
3	0	2011-02-28.11:01:51	35	253	70
3	0	2011-02-28.11:01:56	32	258	81
3	0	2011-02-28.11:02:00	29	255	87
3	0	2011-02-28.11:02:05	27	259	99
3	0	2011-02-28.11:02:10	25	259	111
3	0	2011-02-28.11:02:14	23	253	90
6	3	2011-02-28.11:02:19	37	247	78
6	3	2011-02-28.11:02:24	34	251	101
6	3	2011-02-28.11:02:28	31	257	105
3	0	2011-02-28.11:02:33	31	259	93
3	0	2011-02-28.11:02:38	29	249	99
3	0	2011-02-28.11:02:42	26	249	96
3	0	2011-02-28.11:02:47	24	252	73
0	0	2011-02-28.11:02:52	22	245	67
3	0	2011-02-28.11:02:56	20	243	69
3	0	2011-02-28.11:03:01	19	251	81
3	0	2011-02-28.11:03:06	17	266	85
3	0	2011-02-28.11:03:10	16	258	97
3	0	2011-02-28.11:03:15	15	258	112
3	0	2011-02-28.11:03:20	13	253	107
3	0	2011-02-28.11:03:24	12	247	90
3	0	2011-02-28.11:03:29	11	243	65
3	0	2011-02-28.11:03:33	10	252	88
6	3	2011-02-28.11:03:38	10	254	73
6	3	2011-02-28.11:03:43	10	256	97
6	3	2011-02-28.11:03:47	9	253	109
6	3	2011-02-28.11:03:52	8	250	109
0	0	2011-02-28.11:03:57	7	247	94
0	0	2011-02-28.11:04:01	7	240	73
3	0	2011-02-28.11:04:06	14	254	79
9	0	2011-02-28.11:04:11	13	258	70
6	0	2011-02-28.11:04:15	12	261	98
3	0	2011-02-28.11:04:20	11	258	106
3	0	2011-02-28.11:04:25	26	259	109
3	0	2011-02-28.11:04:29	24	253	97
3	0	2011-02-28.11:04:34	22	250	80
3	0	2011-02-28.11:04:39	20	250	89
3	0	2011-02-28.11:04:43	27	255	89
0	0	2011-02-28.11:04:48	27	252	77
3	0	2011-02-28.11:04:53	24	248	92
3	0	2011-02-28.11:04:57	22	255	113
6	3	2011-02-28.11:05:02	29	261	83
6	3	2011-02-28.11:05:07	26	256	82
6	3	2011-02-28.11:05:11	24	249	89
3	0	2011-02-28.11:05:16	38	252	86
0	0	2011-02-28.11:05:20	35	252	71
3	0	2011-02-28.11:05:25	32	247	86
3	0	2011-02-28.11:05:30	30	251	91
3	0	2011-02-28.11:05:34	27	253	76
0	0	2011-02-28.11:05:39	25	247	76
3	0	2011-02-28.11:05:44	23	247	85
3	0	2011-02-28.11:05:48	23	250	85
0	0	2011-02-28.11:05:53	21	250	70
3	0	2011-02-28.11:05:58	19	245	85
3	0	2011-02-28.11:06:02	18	258	88
3	0	2011-02-28.11:06:07	16	253	76
6	3	2011-02-28.11:06:11	23	248	76
6	3	2011-02-28.11:06:16	53	247	70
6	3	2011-02-28.11:06:21	57	252	90
9	3	2011-02-28.11:06:25	76	253	77
6	3	2011-02-28.11:06:30	70	248	68
6	3	2011-02-28.11:06:35	65	245	74
6	3	2011-02-28.11:06:39	59	251	77
6	3	2011-02-28.11:06:44	55	248	59
6	3	2011-02-28.11:06:48	50	240	59
6	3	2011-02-28.11:06:53	50	251	88
6	3	2011-02-28.11:06:58	46	250	66
6	3	2011-02-28.11:07:02	58	259	70
9	3	2011-02-28.11:07:07	54	257	91
6	3	2011-02-28.11:07:12	57	260	100
6	3	2011-02-28.11:07:16	53	261	77
6	3	2011-02-28.11:07:21	57	247	71
6	3	2011-02-28.11:07:26	52	252	89
3	0	2011-02-28.11:07:30	56	253	55
6	3	2011-02-28.11:07:35	51	255	60
6	3	2011-02-28.11:07:39	55	251	67
6	3	2011-02-28.11:07:44	59	254	82
12	6	2011-02-28.11:07:49	70	259	86
6	3	2011-02-28.11:07:53	64	254	89
6	3	2011-02-28.11:07:58	64	254	112
6	3	2011-02-28.11:08:03	67	260	99
6	3	2011-02-28.11:08:07	70	249	85
6	3	2011-02-28.11:08:12	72	246	71
6	3	2011-02-28.11:08:17	74	250	57
6	3	2011-02-28.11:08:21	68	250	53
6	3	2011-02-28.11:08:26	71	252	75
6	3	2011-02-28.11:08:31	73	254	81
6	3	2011-02-28.11:08:35	83	256	94
6	3	2011-02-28.11:08:40	77	257	100
6	3	2011-02-28.11:08:45	70	251	88
6	3	2011-02-28.11:08:49	73	246	65
6	3	2011-02-28.11:08:54	67	244	56
6	3	2011-02-28.11:08:58	62	246	62
9	3	2011-02-28.11:09:03	62	260	80
9	3	2011-02-28.11:09:08	57	261	98
9	6	2011-02-28.11:09:12	52	250	96
6	3	2011-02-28.11:09:17	56	245	92
6	3	2011-02-28.11:09:22	75	251	83
6	3	2011-02-28.11:09:26	69	252	74
6	3	2011-02-28.11:09:31	64	253	72
6	3	2011-02-28.11:09:36	59	261	102
3	0	2011-02-28.11:09:40	54	260	117
0	0	2011-02-28.11:09:45	50	256	108
3	0	2011-02-28.11:09:50	62	243	96
0	0	2011-02-28.11:09:54	57	244	96
3	0	2011-02-28.11:09:59	52	251	72
3	0	2011-02-28.11:10:04	48	266	96
6	0	2011-02-28.11:10:08	48	260	99
21	3	2011-02-28.11:10:13	52	269	121
3	0	2011-02-28.11:10:18	48	267	109
3	0	2011-02-28.11:10:22	44	247	75
6	3	2011-02-28.11:10:27	48	246	74
6	3	2011-02-28.11:10:32	53	251	46
6	3	2011-02-28.11:10:36	48	261	73
3	0	2011-02-28.11:10:41	44	257	73
3	0	2011-02-28.11:10:45	41	252	97
3	0	2011-02-28.11:10:50	38	263	117
3	0	2011-02-28.11:10:55	35	256	103
3	0	2011-02-28.11:10:59	32	249	87
3	0	2011-02-28.11:11:04	29	252	65
3	0	2011-02-28.11:11:09	27	254	76
0	0	2011-02-28.11:11:13	33	252	70
3	0	2011-02-28.11:11:18	33	260	94
3	0	2011-02-28.11:11:23	30	262	123
3	0	2011-02-28.11:11:27	28	258	118
3	0	2011-02-28.11:11:32	33	250	85
3	0	2011-02-28.11:11:37	31	252	109
3	0	2011-02-28.11:11:41	28	254	87
6	3	2011-02-28.11:11:46	26	252	95
6	3	2011-02-28.11:11:51	32	251	94
6	3	2011-02-28.11:11:55	53	245	89
6	3	2011-02-28.11:12:00	57	251	94
6	3	2011-02-28.11:12:05	52	260	81
6	3	2011-02-28.11:12:09	48	257	96
3	0	2011-02-28.11:12:14	44	266	112
3	0	2011-02-28.11:12:19	41	263	93
3	0	2011-02-28.11:12:23	37	255	76
3	0	2011-02-28.11:12:28	37	251	79
3	0	2011-02-28.11:12:33	58	249	66
0	0	2011-02-28.11:12:37	54	245	57
3	0	2011-02-28.11:12:42	49	252	67
3	0	2011-02-28.11:12:47	53	259	79
0	0	2011-02-28.11:12:51	49	259	85
3	0	2011-02-28.11:12:56	45	246	95
3	0	2011-02-28.11:13:01	41	249	98
3	0	2011-02-28.11:13:05	38	252	56
15	3	2011-02-28.11:13:10	43	255	71
15	3	2011-02-28.11:13:14	48	256	74
6	3	2011-02-28.11:13:19	44	264	92
3	0	2011-02-28.11:13:24	48	264	107
3	0	2011-02-28.11:13:28	44	256	117
3	0	2011-02-28.11:13:33	44	249	101
0	0	2011-02-28.11:13:38	41	245	90
3	0	2011-02-28.11:13:42	37	251	65
3	0	2011-02-28.11:13:47	34	251	61
3	0	2011-02-28.11:13:52	32	264	103
3	0	2011-02-28.11:13:56	29	263	118
3	0	2011-02-28.11:14:01	27	262	123
3	0	2011-02-28.11:14:06	25	257	106
3	0	2011-02-28.11:14:10	23	248	103
0	0	2011-02-28.11:14:15	21	245	64
3	0	2011-02-28.11:14:20	19	254	63
3	0	2011-02-28.11:14:24	42	254	61
9	3	2011-02-28.11:14:29	70	266	112
6	3	2011-02-28.11:14:34	89	262	108
6	3	2011-02-28.11:14:38	89	256	104
6	3	2011-02-28.11:14:43	121	254	116
6	3	2011-02-28.11:14:48	112	251	98
3	0	2011-02-28.11:14:52	103	245	88
3	0	2011-02-28.11:14:57	94	247	76
3	0	2011-02-28.11:15:02	87	262	66
3	0	2011-02-28.11:15:06	80	259	65
3	0	2011-02-28.11:15:11	81	254	80
3	0	2011-02-28.11:15:16	75	266	114
3	0	2011-02-28.11:15:20	69	260	112
3	0	2011-02-28.11:15:25	63	251	98
3	0	2011-02-28.11:15:30	58	251	102
3	0	2011-02-28.11:15:34	54	258	95
3	0	2011-02-28.11:15:39	49	253	80
3	0	2011-02-28.11:15:44	45	245	74
3	0	2011-02-28.11:15:48	45	249	85
3	0	2011-02-28.11:15:53	58	252	67
6	3	2011-02-28.11:15:57	53	250	66
9	3	2011-02-28.11:16:02	57	257	69
6	3	2011-02-28.11:16:07	52	265	105
9	0	2011-02-28.11:16:11	48	263	100
3	0	2011-02-28.11:16:16	60	252	102
3	0	2011-02-28.11:16:21	63	251	96
3	0	2011-02-28.11:16:25	58	258	116
3	0	2011-02-28.11:16:30	54	257	94
3	0	2011-02-28.11:16:35	49	251	86
3	0	2011-02-28.11:16:39	45	255	87
3	0	2011-02-28.11:16:44	42	253	66
3	0	2011-02-28.11:16:49	38	259	89
3	0	2011-02-28.11:16:53	35	258	104
3	0	2011-02-28.11:16:58	35	263	117
3	0	2011-02-28.11:17:03	32	275	113
3	0	2011-02-28.11:17:08	30	251	100
3	0	2011-02-28.11:17:13	49	247	94
9	3	2011-02-28.11:17:18	49	252	72
6	3	2011-02-28.11:17:23	45	253	73
6	3	2011-02-28.11:17:27	49	258	93
3	0	2011-02-28.11:17:32	45	265	122
3	0	2011-02-28.11:17:37	41	255	116
3	0	2011-02-28.11:17:42	38	244	98
0	0	2011-02-28.11:17:46	35	242	94
3	0	2011-02-28.11:17:51	32	244	56
3	0	2011-02-28.11:17:56	30	249	77
0	0	2011-02-28.11:18:00	27	249	68
6	0	2011-02-28.11:18:05	25	268	113
3	0	2011-02-28.11:18:10	23	259	111
3	0	2011-02-28.11:18:14	21	262	98
0	0	2011-02-28.11:18:19	19	249	89
3	0	2011-02-28.11:18:24	18	247	92
3	0	2011-02-28.11:18:28	18	252	69
3	0	2011-02-28.11:18:33	16	258	95
6	3	2011-02-28.11:18:38	15	247	87
12	6	2011-02-28.11:18:38	15	247	88
6	3	2011-02-28.11:18:38	15	250	90
3	0	2011-02-28.11:18:38	15	252	90
9	3	2011-02-28.11:18:43	46	245	106
6	3	2011-02-28.11:18:48	50	246	98
3	0	2011-02-28.11:18:52	46	241	72
3	0	2011-02-28.11:18:57	42	241	73
3	0	2011-02-28.11:19:02	39	252	55
3	0	2011-02-28.11:19:06	36	255	80
6	0	2011-02-28.11:19:11	33	251	68
3	0	2011-02-28.11:19:15	30	254	86
0	0	2011-02-28.11:19:20	28	251	80
3	0	2011-02-28.11:19:25	26	240	65
3	0	2011-02-28.11:19:29	24	247	79
3	0	2011-02-28.11:19:34	22	250	64
0	0	2011-02-28.11:19:39	20	249	58
3	0	2011-02-28.11:19:43	20	245	73
3	0	2011-02-28.11:19:48	18	252	91
3	0	2011-02-28.11:19:52	17	252	81
6	3	2011-02-28.11:19:57	31	249	97
9	3	2011-02-28.11:20:02	37	258	103
6	3	2011-02-28.11:20:07	42	253	87
6	3	2011-02-28.11:20:11	39	245	93
3	0	2011-02-28.11:20:16	35	244	90
3	0	2011-02-28.11:20:20	33	248	105
3	0	2011-02-28.11:20:25	30	244	87
3	0	2011-02-28.11:20:30	27	244	102
3	0	2011-02-28.11:20:34	25	246	86
3	0	2011-02-28.11:20:39	23	249	107
3	0	2011-02-28.11:20:44	21	244	95
3	0	2011-02-28.11:20:48	20	242	101
3	0	2011-02-28.11:20:53	20	247	107
3	0	2011-02-28.11:20:58	18	238	83
3	0	2011-02-28.11:21:02	16	251	90
3	0	2011-02-28.11:21:07	23	242	95
3	0	2011-02-28.11:21:12	21	245	96
3	0	2011-02-28.11:21:16	20	248	93
6	3	2011-02-28.11:21:21	18	243	104
6	3	2011-02-28.11:21:26	16	241	95
9	3	2011-02-28.11:21:30	31	252	119
6	3	2011-02-28.11:21:35	37	249	108
3	0	2011-02-28.11:21:40	34	243	102
3	0	2011-02-28.11:21:44	31	241	90
3	0	2011-02-28.11:21:49	28	236	65
3	0	2011-02-28.11:21:54	26	240	57
3	0	2011-02-28.11:21:58	26	244	79
3	0	2011-02-28.11:22:03	24	259	105
6	0	2011-02-28.11:22:08	22	251	95
6	0	2011-02-28.11:22:12	28	239	91
0	0	2011-02-28.11:22:17	34	241	69
3	0	2011-02-28.11:22:22	31	245	65
0	0	2011-02-28.11:22:26	29	243	49
3	0	2011-02-28.11:22:31	50	247	47
3	0	2011-02-28.11:22:35	46	251	61
3	0	2011-02-28.11:22:40	43	256	80
6	3	2011-02-28.11:22:45	39	259	96
6	3	2011-02-28.11:22:49	36	255	109
6	3	2011-02-28.11:22:54	33	246	109
6	0	2011-02-28.11:22:59	30	250	104
3	0	2011-02-28.11:23:03	28	259	94
3	0	2011-02-28.11:23:08	28	244	78
3	0	2011-02-28.11:23:13	26	243	84
3	0	2011-02-28.11:23:17	24	249	95
3	0	2011-02-28.11:23:22	22	245	89
3	0	2011-02-28.11:23:27	20	246	95
3	0	2011-02-28.11:23:31	18	254	124
0	0	2011-02-28.11:23:36	17	249	101
3	0	2011-02-28.11:23:41	15	244	92
3	0	2011-02-28.11:23:45	14	244	107
3	0	2011-02-28.11:23:50	13	243	86
3	0	2011-02-28.11:23:55	12	250	85
3	0	2011-02-28.11:23:59	27	242	88
9	3	2011-02-28.11:24:04	33	249	97
9	3	2011-02-28.11:24:09	38	257	114
6	3	2011-02-28.11:24:13	38	250	90
3	0	2011-02-28.11:24:18	35	243	97
3	0	2011-02-28.11:24:23	32	245	115
3	0	2011-02-28.11:24:27	30	250	103
0	0	2011-02-28.11:24:32	27	243	86
3	0	2011-02-28.11:24:37	25	242	87
3	0	2011-02-28.11:24:41	31	247	83
3	0	2011-02-28.11:24:46	29	248	95
3	0	2011-02-28.11:24:51	26	246	82
3	0	2011-02-28.11:24:55	32	245	91
3	0	2011-02-28.11:25:00	30	249	112
3	0	2011-02-28.11:25:05	27	257	93
9	0	2011-02-28.11:25:09	25	251	86
6	0	2011-02-28.11:25:14	23	247	107
3	0	2011-02-28.11:25:19	21	254	107
3	0	2011-02-28.11:25:23	21	254	74
6	3	2011-02-28.11:25:28	19	245	92
6	3	2011-02-28.11:25:32	18	248	93
6	3	2011-02-28.11:25:37	16	254	96
3	0	2011-02-28.11:25:42	15	253	104
0	0	2011-02-28.11:25:46	14	246	92
3	0	2011-02-28.11:25:51	13	250	103
3	0	2011-02-28.11:25:56	12	248	85
3	0	2011-02-28.11:26:00	27	243	77
3	0	2011-02-28.11:26:05	25	253	85
3	0	2011-02-28.11:26:10	23	254	96
3	0	2011-02-28.11:26:14	21	252	108
3	0	2011-02-28.11:26:19	35	241	105
3	0	2011-02-28.11:26:24	48	246	116
3	0	2011-02-28.11:26:28	44	247	104
3	0	2011-02-28.11:26:33	44	241	69
3	0	2011-02-28.11:26:38	49	239	72
3	0	2011-02-28.11:26:42	53	249	105
3	0	2011-02-28.11:26:47	49	251	93
6	3	2011-02-28.11:26:52	45	249	90
6	0	2011-02-28.11:26:56	49	251	125
3	0	2011-02-28.11:27:01	45	261	113
3	0	2011-02-28.11:27:06	58	254	83
3	0	2011-02-28.11:27:10	69	240	75
3	0	2011-02-28.11:27:15	63	240	71
3	0	2011-02-28.11:27:20	58	253	92
0	0	2011-02-28.11:27:24	54	250	92
0	0	2011-02-28.11:27:29	57	240	86
3	0	2011-02-28.11:27:34	53	242	104
0	0	2011-02-28.11:27:38	53	242	64
3	0	2011-02-28.11:27:43	48	238	58
3	0	2011-02-28.11:27:48	45	246	73
3	0	2011-02-28.11:27:52	49	258	85
3	0	2011-02-28.11:27:57	45	250	93
3	0	2011-02-28.11:28:02	41	250	102
3	0	2011-02-28.11:28:06	38	255	103
15	3	2011-02-28.11:28:11	35	255	108
18	3	2011-02-28.11:28:16	40	247	73
6	3	2011-02-28.11:28:20	37	252	90
3	0	2011-02-28.11:28:25	34	253	94
3	0	2011-02-28.11:28:30	39	262	98
3	0	2011-02-28.11:28:34	36	252	89
0	0	2011-02-28.11:28:39	33	240	84
3	0	2011-02-28.11:28:43	30	248	85
3	0	2011-02-28.11:28:48	30	247	66
3	0	2011-02-28.11:28:53	28	242	53
0	0	2011-02-28.11:28:57	26	237	48
3	0	2011-02-28.11:29:02	24	253	52
3	0	2011-02-28.11:29:07	22	254	59
3	0	2011-02-28.11:29:11	20	248	63
3	0	2011-02-28.11:29:16	18	256	101
3	0	2011-02-28.11:29:21	17	250	84
3	0	2011-02-28.11:29:25	15	241	78
3	0	2011-02-28.11:29:30	14	237	71
9	3	2011-02-28.11:29:34	13	245	70
6	3	2011-02-28.11:29:39	12	250	65
0	0	2011-02-28.11:29:44	11	239	65
3	0	2011-02-28.11:29:48	11	236	62
0	0	2011-02-28.11:29:53	10	234	42
0	0	2011-02-28.11:29:57	9	235	41
3	0	2011-02-28.11:30:02	8	246	40
3	0	2011-02-28.11:30:07	8	250	58
3	0	2011-02-28.11:30:11	7	247	62
3	0	2011-02-28.11:30:16	7	248	74
3	0	2011-02-28.11:30:21	6	247	91
3	0	2011-02-28.11:30:25	14	252	99
3	0	2011-02-28.11:30:30	12	246	80
0	0	2011-02-28.11:30:34	11	234	77
0	0	2011-02-28.11:30:39	10	236	71
3	0	2011-02-28.11:30:44	10	241	68
3	0	2011-02-28.11:30:48	10	245	67
6	3	2011-02-28.11:30:53	9	243	70
9	3	2011-02-28.11:30:58	8	247	94
6	3	2011-02-28.11:31:02	7	251	94
3	0	2011-02-28.11:31:07	7	247	86
3	0	2011-02-28.11:31:12	6	244	78
0	0	2011-02-28.11:31:16	6	243	66
3	0	2011-02-28.11:31:21	5	248	75
0	0	2011-02-28.11:31:25	5	250	81
3	0	2011-02-28.11:31:30	4	256	109
3	0	2011-02-28.11:31:35	4	248	98
0	0	2011-02-28.11:31:39	4	243	95
3	0	2011-02-28.11:31:44	3	241	88
0	0	2011-02-28.11:31:49	3	241	73
0	0	2011-02-28.11:31:53	3	240	55
3	0	2011-02-28.11:31:58	3	243	70
6	0	2011-02-28.11:32:03	2	264	100
3	0	2011-02-28.11:32:07	2	253	100
3	0	2011-02-28.11:32:12	26	247	96
6	3	2011-02-28.11:32:17	24	237	87
6	3	2011-02-28.11:32:21	30	236	75
6	3	2011-02-28.11:32:26	28	237	45
3	0	2011-02-28.11:32:30	25	242	57
0	0	2011-02-28.11:32:35	23	242	60
3	0	2011-02-28.11:32:40	21	248	90
3	0	2011-02-28.11:32:44	20	249	96
0	0	2011-02-28.11:32:49	18	238	84
3	0	2011-02-28.11:32:54	17	239	96
0	0	2011-02-28.11:32:58	17	240	69
3	0	2011-02-28.11:33:03	15	253	57
3	0	2011-02-28.11:33:08	22	244	61
3	0	2011-02-28.11:33:12	20	254	92
3	0	2011-02-28.11:33:17	27	258	86
3	0	2011-02-28.11:33:22	24	252	96
0	0	2011-02-28.11:33:26	22	242	92
3	0	2011-02-28.11:33:31	37	238	79
6	3	2011-02-28.11:33:35	50	240	48
9	3	2011-02-28.11:33:40	94	250	76
6	3	2011-02-28.11:33:45	94	259	103
3	0	2011-02-28.11:33:49	87	257	113
3	0	2011-02-28.11:33:54	88	248	105
3	0	2011-02-28.11:33:59	81	243	91
9	3	2011-02-28.11:34:04	74	253	84
6	0	2011-02-28.11:34:08	74	262	98
3	0	2011-02-28.11:34:13	68	255	91
3	0	2011-02-28.11:34:18	63	258	119
3	0	2011-02-28.11:34:22	58	259	118
3	0	2011-02-28.11:34:27	61	255	103
3	0	2011-02-28.11:34:32	56	246	89
3	0	2011-02-28.11:34:36	76	248	100
3	0	2011-02-28.11:34:41	70	250	66
0	0	2011-02-28.11:34:46	64	244	69
3	0	2011-02-28.11:34:50	59	248	72
3	0	2011-02-28.11:34:55	54	251	82
6	3	2011-02-28.11:35:00	66	259	92
6	3	2011-02-28.11:35:04	60	256	89
6	3	2011-02-28.11:35:09	64	249	94
0	0	2011-02-28.11:35:14	58	244	89
3	0	2011-02-28.11:35:18	58	241	71
3	0	2011-02-28.11:35:23	54	241	57
3	0	2011-02-28.11:35:27	57	252	89
3	0	2011-02-28.11:35:32	53	262	107
3	0	2011-02-28.11:35:37	49	255	102
3	0	2011-02-28.11:35:42	45	239	102
3	0	2011-02-28.11:35:46	65	242	98
3	0	2011-02-28.11:35:51	60	242	68
0	0	2011-02-28.11:35:56	55	237	68
3	0	2011-02-28.11:36:00	51	243	82
6	0	2011-02-28.11:36:05	46	264	106
0	0	2011-02-28.11:36:10	43	252	99
3	0	2011-02-28.11:36:14	39	246	96
6	3	2011-02-28.11:36:19	44	248	107
6	3	2011-02-28.11:36:24	41	248	95
6	3	2011-02-28.11:36:28	41	251	75
3	0	2011-02-28.11:36:33	37	251	100
0	0	2011-02-28.11:36:38	34	249	103
3	0	2011-02-28.11:36:42	31	242	82
0	0	2011-02-28.11:36:47	29	234	76
0	0	2011-02-28.11:36:51	27	232	55
3	0	2011-02-28.11:36:56	24	241	70
0	0	2011-02-28.11:37:01	22	242	61
3	0	2011-02-28.11:37:05	21	247	79
9	0	2011-02-28.11:37:10	27	254	106
3	0	2011-02-28.11:37:15	25	250	92
0	0	2011-02-28.11:37:19	23	240	88
3	0	2011-02-28.11:37:24	21	243	91
3	0	2011-02-28.11:37:29	27	251	83
3	0	2011-02-28.11:37:33	27	249	73
3	0	2011-02-28.11:37:38	25	246	94
6	3	2011-02-28.11:37:43	23	253	118
6	3	2011-02-28.11:37:47	29	254	95
6	3	2011-02-28.11:37:52	51	240	97
0	0	2011-02-28.11:37:57	47	240	94
3	0	2011-02-28.11:38:01	59	248	77
3	0	2011-02-28.11:38:06	54	255	79
0	0	2011-02-28.11:38:10	50	245	70
3	0	2011-02-28.11:38:15	46	253	115
0	0	2011-02-28.11:38:20	42	253	118
3	0	2011-02-28.11:38:24	39	252	91
3	0	2011-02-28.11:38:29	44	239	94
0	0	2011-02-28.11:38:34	40	238	73
3	0	2011-02-28.11:38:38	37	247	74
0	0	2011-02-28.11:38:43	37	245	68
3	0	2011-02-28.11:38:48	34	243	73
3	0	2011-02-28.11:38:52	31	244	77
3	0	2011-02-28.11:38:57	37	252	83
3	0	2011-02-28.11:39:02	42	257	84
6	3	2011-02-28.11:39:07	46	241	83
6	3	2011-02-28.11:39:11	43	247	101
3	0	2011-02-28.11:39:16	47	249	75
3	0	2011-02-28.11:39:21	43	241	78
3	0	2011-02-28.11:39:25	40	244	85
3	0	2011-02-28.11:39:30	37	250	88
3	0	2011-02-28.11:39:35	42	251	90
0	0	2011-02-28.11:39:39	38	242	87
3	0	2011-02-28.11:39:44	35	241	80
3	0	2011-02-28.11:39:49	32	246	70
0	0	2011-02-28.11:39:53	30	241	72
3	0	2011-02-28.11:39:58	30	239	90
6	0	2011-02-28.11:40:03	27	258	105
9	0	2011-02-28.11:40:08	25	252	92
3	0	2011-02-28.11:40:13	23	247	88
3	0	2011-02-28.11:40:17	21	246	91
6	3	2011-02-28.11:40:22	20	250	100
6	3	2011-02-28.11:40:27	18	248	70
6	3	2011-02-28.11:40:32	25	245	82
6	3	2011-02-28.11:40:36	22	248	94
3	0	2011-02-28.11:40:41	21	256	95
3	0	2011-02-28.11:40:46	19	248	97
3	0	2011-02-28.11:40:50	17	241	91
3	0	2011-02-28.11:40:55	16	249	100
3	0	2011-02-28.11:41:00	15	249	70
3	0	2011-02-28.11:41:04	22	257	80
3	0	2011-02-28.11:41:09	20	245	84
3	0	2011-02-28.11:41:14	18	253	104
0	0	2011-02-28.11:41:18	18	248	92
3	0	2011-02-28.11:41:23	17	250	102
3	0	2011-02-28.11:41:28	15	252	113
0	0	2011-02-28.11:41:32	14	246	104
3	0	2011-02-28.11:41:37	13	251	99
3	0	2011-02-28.11:41:42	12	242	94
3	0	2011-02-28.11:41:46	11	238	78
6	3	2011-02-28.11:41:51	18	242	73
6	3	2011-02-28.11:41:56	16	252	87
3	0	2011-02-28.11:42:01	15	248	90
3	0	2011-02-28.11:42:06	14	260	108
3	0	2011-02-28.11:42:11	13	251	109
3	0	2011-02-28.11:42:16	12	247	102
0	0	2011-02-28.11:42:20	19	240	78
3	0	2011-02-28.11:42:26	17	245	75
3	0	2011-02-28.11:42:31	16	246	58
3	0	2011-02-28.11:42:36	15	248	82
3	0	2011-02-28.11:42:41	21	256	109
3	0	2011-02-28.11:42:45	20	252	104
3	0	2011-02-28.11:42:50	18	246	107
3	0	2011-02-28.11:42:55	17	243	96
3	0	2011-02-28.11:42:59	15	245	82
3	0	2011-02-28.11:43:04	14	253	68
6	3	2011-02-28.11:43:09	21	252	85
9	3	2011-02-28.11:43:13	21	258	104
6	3	2011-02-28.11:43:18	19	255	96
6	3	2011-02-28.11:43:23	18	251	100
3	0	2011-02-28.11:43:27	16	249	118
3	0	2011-02-28.11:43:32	15	252	97
3	0	2011-02-28.11:43:37	14	256	102
0	0	2011-02-28.11:43:41	12	247	88
3	0	2011-02-28.11:43:46	11	257	120
3	0	2011-02-28.11:43:51	11	257	115
3	0	2011-02-28.11:43:55	18	255	117
3	0	2011-02-28.11:44:00	16	254	89
6	0	2011-02-28.11:44:05	15	261	94
3	0	2011-02-28.11:44:09	14	259	100
3	0	2011-02-28.11:44:14	13	253	98
3	0	2011-02-28.11:44:19	12	251	113
3	0	2011-02-28.11:44:23	11	251	96
3	0	2011-02-28.11:44:28	11	246	78
6	3	2011-02-28.11:44:33	26	248	79
6	3	2011-02-28.11:44:38	32	253	94
6	3	2011-02-28.11:44:43	29	253	82
3	0	2011-02-28.11:44:47	27	247	90
3	0	2011-02-28.11:44:52	25	245	88
3	0	2011-02-28.11:44:57	23	254	102
3	0	2011-02-28.11:45:02	21	259	91
3	0	2011-02-28.11:45:07	19	249	93
3	0	2011-02-28.11:45:12	18	252	102
3	0	2011-02-28.11:45:16	16	253	81
3	0	2011-02-28.11:45:21	15	248	88
3	0	2011-02-28.11:45:26	14	252	99
3	0	2011-02-28.11:45:30	12	257	114
3	0	2011-02-28.11:45:35	11	253	101
3	0	2011-02-28.11:45:40	10	251	119
3	0	2011-02-28.11:45:44	10	251	99
6	3	2011-02-28.11:45:49	9	246	80
6	3	2011-02-28.11:45:54	16	241	80
6	3	2011-02-28.11:45:59	23	246	59
6	3	2011-02-28.11:46:03	23	251	47
6	0	2011-02-28.11:46:08	29	249	49
3	0	2011-02-28.11:46:12	27	254	69
3	0	2011-02-28.11:46:17	24	259	85
3	0	2011-02-28.11:46:22	30	258	100
0	0	2011-02-28.11:46:26	28	249	101
3	0	2011-02-28.11:46:31	26	247	85
3	0	2011-02-28.11:46:36	24	245	71
3	0	2011-02-28.11:46:40	22	248	58
3	0	2011-02-28.11:46:45	28	251	69
3	0	2011-02-28.11:46:50	26	257	93
3	0	2011-02-28.11:46:55	24	258	108
3	0	2011-02-28.11:46:59	22	249	111
3	0	2011-02-28.11:47:04	20	256	117
3	0	2011-02-28.11:47:09	18	247	75
3	0	2011-02-28.11:47:13	18	240	64
6	3	2011-02-28.11:47:18	17	249	57
6	3	2011-02-28.11:47:23	16	257	91
3	0	2011-02-28.11:47:27	14	258	102
3	0	2011-02-28.11:47:32	13	257	117
3	0	2011-02-28.11:47:37	20	246	115
3	0	2011-02-28.11:47:41	18	245	91
3	0	2011-02-28.11:47:46	25	240	68
3	0	2011-02-28.11:47:51	23	244	71
3	0	2011-02-28.11:47:55	21	248	73
3	0	2011-02-28.11:48:00	19	257	97
3	0	2011-02-28.11:48:05	18	257	100
3	0	2011-02-28.11:48:09	16	252	102
3	0	2011-02-28.11:48:14	23	249	94
3	0	2011-02-28.11:48:19	21	245	71
0	0	2011-02-28.11:48:23	21	244	68
3	0	2011-02-28.11:48:28	19	250	82
3	0	2011-02-28.11:48:32	18	249	72
3	0	2011-02-28.11:48:37	16	251	78
6	3	2011-02-28.11:48:42	23	249	80
6	3	2011-02-28.11:48:46	53	242	64
3	0	2011-02-28.11:48:51	49	241	46
3	0	2011-02-28.11:48:56	45	246	55
3	0	2011-02-28.11:49:00	41	256	92
3	0	2011-02-28.11:49:05	38	261	91
15	0	2011-02-28.11:49:10	43	260	92
6	0	2011-02-28.11:49:14	40	251	88
3	0	2011-02-28.11:49:19	36	249	76
3	0	2011-02-28.11:49:23	33	250	62
3	0	2011-02-28.11:49:28	33	252	68
3	0	2011-02-28.11:49:33	31	257	75
3	0	2011-02-28.11:49:38	28	258	94
3	0	2011-02-28.11:49:42	26	252	89
3	0	2011-02-28.11:49:47	24	247	79
0	0	2011-02-28.11:49:52	22	241	76
0	0	2011-02-28.11:49:56	28	241	55
6	3	2011-02-28.11:50:01	26	243	52
9	3	2011-02-28.11:50:05	24	256	50
6	3	2011-02-28.11:50:10	22	251	64
3	0	2011-02-28.11:50:15	20	250	74
3	0	2011-02-28.11:50:19	18	251	82
3	0	2011-02-28.11:50:24	17	250	94
0	0	2011-02-28.11:50:29	16	246	88
3	0	2011-02-28.11:50:33	16	246	79
3	0	2011-02-28.11:50:38	14	244	78
3	0	2011-02-28.11:50:43	21	245	64
3	0	2011-02-28.11:50:47	19	250	83
3	0	2011-02-28.11:50:52	18	250	86
3	0	2011-02-28.11:50:56	16	249	72
3	0	2011-02-28.11:51:01	15	244	81
3	0	2011-02-28.11:51:06	14	251	72
6	3	2011-02-28.11:51:10	13	246	63
9	6	2011-02-28.11:51:16	28	249	57
12	9	2011-02-28.11:51:21	58	243	46
15	9	2011-02-28.11:51:26	93	256	84
12	6	2011-02-28.11:51:32	214	267	108
6	3	2011-02-28.11:51:37	269	256	116
9	6	2011-02-28.11:51:43	255	249	121
12	9	2011-02-28.11:51:48	243	252	83
6	3	2011-02-28.11:51:55	251	249	51
9	6	2011-02-28.11:52:00	239	251	51
12	6	2011-02-28.11:52:06	243	269	77
18	6	2011-02-28.11:52:11	376	274	101
12	6	2011-02-28.11:52:16	354	261	100
12	6	2011-02-28.11:52:21	342	261	123
6	3	2011-02-28.11:52:26	322	261	97
3	0	2011-02-28.11:52:30	296	258	68
3	0	2011-02-28.11:52:35	273	256	78
3	0	2011-02-28.11:52:40	251	265	95
9	3	2011-02-28.11:52:44	239	273	110
6	3	2011-02-28.11:52:49	220	259	110
6	3	2011-02-28.11:52:54	202	254	109
3	0	2011-02-28.11:52:58	202	258	98
3	0	2011-02-28.11:53:03	186	266	81
3	0	2011-02-28.11:53:08	171	254	66
3	0	2011-02-28.11:53:12	157	259	90
3	0	2011-02-28.11:53:17	144	265	90
3	0	2011-02-28.11:53:22	133	263	94
3	0	2011-02-28.11:53:26	122	255	100
3	0	2011-02-28.11:53:31	144	255	99
0	0	2011-02-28.11:53:36	133	254	67
3	0	2011-02-28.11:53:41	122	254	67
0	0	2011-02-28.11:53:45	112	252	68
3	0	2011-02-28.11:53:50	103	257	65
3	0	2011-02-28.11:53:55	103	261	87
0	0	2011-02-28.11:54:00	95	253	80
9	3	2011-02-28.11:54:04	87	267	108
6	3	2011-02-28.11:54:09	80	264	100
6	3	2011-02-28.11:54:14	74	256	86
0	0	2011-02-28.11:54:19	68	250	81
3	0	2011-02-28.11:54:23	68	253	78
3	0	2011-02-28.11:54:28	62	259	57
3	0	2011-02-28.11:54:33	81	259	66
3	0	2011-02-28.11:54:37	83	264	93
3	0	2011-02-28.11:54:42	76	262	87
6	0	2011-02-28.11:54:47	78	269	105
3	0	2011-02-28.11:54:51	72	260	97
9	3	2011-02-28.11:54:56	82	259	88
3	0	2011-02-28.11:55:01	75	255	84
3	0	2011-02-28.11:55:05	69	259	73
3	0	2011-02-28.11:55:10	64	259	59
3	0	2011-02-28.11:55:15	59	265	76
6	3	2011-02-28.11:55:20	54	261	69
6	3	2011-02-28.11:55:25	50	259	72
6	3	2011-02-28.11:55:29	46	261	67
6	3	2011-02-28.11:55:34	50	261	74
6	3	2011-02-28.11:55:39	46	265	82
6	3	2011-02-28.11:55:43	46	261	81
3	0	2011-02-28.11:55:48	50	258	86
3	0	2011-02-28.11:55:53	46	254	84
3	0	2011-02-28.11:55:58	42	252	84
3	0	2011-02-28.11:56:02	39	262	67
3	0	2011-02-28.11:56:07	36	256	63
3	0	2011-02-28.11:56:12	33	251	58
3	0	2011-02-28.11:56:17	30	257	73
3	0	2011-02-28.11:56:21	28	264	78
0	0	2011-02-28.11:56:26	26	262	74
3	0	2011-02-28.11:56:31	24	258	98
0	0	2011-02-28.11:56:35	22	257	96
0	0	2011-02-28.11:56:40	20	254	71
3	0	2011-02-28.11:56:45	18	251	66
6	3	2011-02-28.11:56:49	17	252	72
6	3	2011-02-28.11:56:54	15	256	69
6	3	2011-02-28.11:56:59	14	253	67
6	3	2011-02-28.11:57:03	13	259	79
3	0	2011-02-28.11:57:08	13	260	99
3	0	2011-02-28.11:57:13	12	257	79
3	0	2011-02-28.11:57:17	11	252	69
3	0	2011-02-28.11:57:22	10	254	74
3	0	2011-02-28.11:57:27	9	264	79
3	0	2011-02-28.11:57:31	8	259	68
3	0	2011-02-28.11:57:36	8	262	89
3	0	2011-02-28.11:57:41	7	259	104
3	0	2011-02-28.11:57:45	7	255	76
0	0	2011-02-28.11:57:50	6	247	67
3	0	2011-02-28.11:57:55	6	251	80
3	0	2011-02-28.11:58:00	5	257	73
6	3	2011-02-28.11:58:04	5	267	77
12	3	2011-02-28.11:58:09	12	260	84
12	3	2011-02-28.11:58:14	11	263	105
6	3	2011-02-28.11:58:19	10	259	77
3	0	2011-02-28.11:58:24	9	257	82
3	0	2011-02-28.11:58:29	9	259	86
3	0	2011-02-28.11:58:34	8	260	74
3	0	2011-02-28.11:58:38	7	269	84
3	0	2011-02-28.11:58:43	7	259	96
3	0	2011-02-28.11:58:48	7	259	111
3	0	2011-02-28.11:58:53	6	258	93
3	0	2011-02-28.11:58:58	14	254	80
6	0	2011-02-28.11:59:03	12	271	99
3	0	2011-02-28.11:59:08	11	270	78
3	0	2011-02-28.11:59:13	11	264	93
3	0	2011-02-28.11:59:18	10	259	110
3	0	2011-02-28.11:59:23	9	260	109
3	0	2011-02-28.11:59:27	8	258	95
6	3	2011-02-28.11:59:32	7	251	88
6	3	2011-02-28.11:59:37	15	258	104
6	3	2011-02-28.11:59:42	14	261	80
3	0	2011-02-28.11:59:47	12	258	104
3	0	2011-02-28.11:59:52	19	259	113
3	0	2011-02-28.11:59:57	18	257	105
3	0	2011-02-28.12:00:02	16	264	95
3	0	2011-02-28.12:00:07	15	258	84
3	0	2011-02-28.12:00:11	14	255	87
3	0	2011-02-28.12:00:16	21	262	93
3	0	2011-02-28.12:00:21	19	264	95
3	0	2011-02-28.12:00:25	18	258	97
3	0	2011-02-28.12:00:30	16	262	109
3	0	2011-02-28.12:00:35	15	260	111
3	0	2011-02-28.12:00:40	14	260	91
3	0	2011-02-28.12:00:44	12	257	92
3	0	2011-02-28.12:00:49	11	253	89
6	3	2011-02-28.12:00:54	18	258	98
6	3	2011-02-28.12:00:58	25	262	105
6	3	2011-02-28.12:01:03	25	265	101
9	3	2011-02-28.12:01:08	23	266	111
9	0	2011-02-28.12:01:13	29	260	106
3	0	2011-02-28.12:01:17	27	260	95
3	0	2011-02-28.12:01:22	25	263	102
3	0	2011-02-28.12:01:27	23	263	98
3	0	2011-02-28.12:01:31	21	268	111
3	0	2011-02-28.12:01:36	19	263	102
3	0	2011-02-28.12:01:41	18	264	117
3	0	2011-02-28.12:01:45	16	260	117
3	0	2011-02-28.12:01:50	15	259	107
3	0	2011-02-28.12:01:55	14	261	95
3	0	2011-02-28.12:01:59	12	257	94
3	0	2011-02-28.12:02:04	11	267	94
3	0	2011-02-28.12:02:09	10	254	71
3	0	2011-02-28.12:02:14	10	252	78
6	3	2011-02-28.12:02:18	10	252	66
9	3	2011-02-28.12:02:23	17	259	87
6	3	2011-02-28.12:02:28	23	266	99
3	0	2011-02-28.12:02:32	22	264	95
3	0	2011-02-28.12:02:37	28	259	109
3	0	2011-02-28.12:02:42	26	256	109
3	0	2011-02-28.12:02:46	24	252	88
3	0	2011-02-28.12:02:51	22	248	71
3	0	2011-02-28.12:02:56	20	255	76
3	0	2011-02-28.12:03:00	26	258	88
3	0	2011-02-28.12:03:05	24	268	100
3	0	2011-02-28.12:03:10	22	257	100
3	0	2011-02-28.12:03:14	28	255	98
3	0	2011-02-28.12:03:19	42	252	79
3	0	2011-02-28.12:03:24	39	252	74
0	0	2011-02-28.12:03:28	39	250	68
3	0	2011-02-28.12:03:33	52	257	87
6	3	2011-02-28.12:03:37	63	258	82
6	3	2011-02-28.12:03:42	58	250	84
6	3	2011-02-28.12:03:47	62	247	81
6	3	2011-02-28.12:03:51	65	252	75
0	0	2011-02-28.12:03:56	75	253	78
0	0	2011-02-28.12:04:01	77	248	79
6	3	2011-02-28.12:04:05	95	263	102
3	0	2011-02-28.12:04:10	88	262	84
3	0	2011-02-28.12:04:15	89	252	83
3	0	2011-02-28.12:04:19	97	252	80
3	0	2011-02-28.12:04:24	106	257	71
3	0	2011-02-28.12:04:28	97	259	77
3	0	2011-02-28.12:04:33	97	254	82
3	0	2011-02-28.12:04:38	89	259	96
3	0	2011-02-28.12:04:42	82	263	82
3	0	2011-02-28.12:04:47	76	252	82
3	0	2011-02-28.12:04:52	69	253	90
3	0	2011-02-28.12:04:56	64	258	82
6	3	2011-02-28.12:05:01	59	257	82
6	3	2011-02-28.12:05:06	54	259	85
6	3	2011-02-28.12:05:10	58	257	98
3	0	2011-02-28.12:05:15	61	259	105
3	0	2011-02-28.12:05:20	64	256	89
0	0	2011-02-28.12:05:24	59	252	84
3	0	2011-02-28.12:05:29	54	255	99
3	0	2011-02-28.12:05:34	50	262	79
0	0	2011-02-28.12:05:38	54	256	76
3	0	2011-02-28.12:05:43	54	255	97
3	0	2011-02-28.12:05:48	66	259	103
3	0	2011-02-28.12:05:52	60	254	85
3	0	2011-02-28.12:05:57	55	252	95
3	0	2011-02-28.12:06:02	51	263	100
3	0	2011-02-28.12:06:07	47	259	79
3	0	2011-02-28.12:06:11	43	255	76
3	0	2011-02-28.12:06:16	48	257	99
6	3	2011-02-28.12:06:21	52	259	107
6	3	2011-02-28.12:06:26	56	264	107
6	3	2011-02-28.12:06:30	51	253	98
6	3	2011-02-28.12:06:35	63	255	102
3	0	2011-02-28.12:06:40	58	261	102
3	0	2011-02-28.12:06:44	53	257	99
3	0	2011-02-28.12:06:49	49	251	92
0	0	2011-02-28.12:06:49	49	251	91
3	0	2011-02-28.12:06:54	45	252	109
3	0	2011-02-28.12:06:59	49	256	95
3	0	2011-02-28.12:07:03	49	258	93
3	0	2011-02-28.12:07:08	61	256	93
3	0	2011-02-28.12:07:13	57	257	83
3	0	2011-02-28.12:07:17	60	264	101
3	0	2011-02-28.12:07:22	63	259	90
3	0	2011-02-28.12:07:27	58	257	109
3	0	2011-02-28.12:07:31	53	260	119
3	0	2011-02-28.12:07:36	57	259	101
6	3	2011-02-28.12:07:41	53	255	88
6	3	2011-02-28.12:07:46	48	249	86
9	3	2011-02-28.12:07:50	44	261	89
6	3	2011-02-28.12:07:55	49	261	87
6	3	2011-02-28.12:08:00	45	257	105
3	0	2011-02-28.12:08:04	49	265	108
3	0	2011-02-28.12:08:09	45	258	97
3	0	2011-02-28.12:08:14	50	256	101
3	0	2011-02-28.12:08:18	50	250	84
3	0	2011-02-28.12:08:23	46	257	93
3	0	2011-02-28.12:08:28	42	257	89
3	0	2011-02-28.12:08:32	39	252	83
3	0	2011-02-28.12:08:37	35	252	91
3	0	2011-02-28.12:08:42	33	254	90
0	0	2011-02-28.12:08:46	30	243	74
3	0	2011-02-28.12:08:51	28	246	81
3	0	2011-02-28.12:08:56	49	252	85
3	0	2011-02-28.12:09:00	69	250	82
9	3	2011-02-28.12:09:05	64	257	76
12	6	2011-02-28.12:09:09	83	255	83
6	3	2011-02-28.12:09:14	76	258	91
6	3	2011-02-28.12:09:19	78	260	104
6	3	2011-02-28.12:09:24	72	255	91
3	0	2011-02-28.12:09:28	72	256	93
3	0	2011-02-28.12:09:33	66	257	101
3	0	2011-02-28.12:09:38	61	256	96
3	0	2011-02-28.12:09:42	56	256	90
3	0	2011-02-28.12:09:47	51	250	91
3	0	2011-02-28.12:09:52	47	257	98
6	3	2011-02-28.12:09:56	59	256	95
3	0	2011-02-28.12:10:01	55	254	90
9	3	2011-02-28.12:10:06	50	267	102
15	0	2011-02-28.12:10:10	62	261	110
12	0	2011-02-28.12:10:15	57	254	104
3	0	2011-02-28.12:10:20	61	248	90
3	0	2011-02-28.12:10:24	56	247	61
6	3	2011-02-28.12:10:29	51	247	46
6	3	2011-02-28.12:10:33	47	254	64
6	3	2011-02-28.12:10:38	47	260	85
3	0	2011-02-28.12:10:43	43	262	85
0	0	2011-02-28.12:10:47	40	248	85
0	0	2011-02-28.12:10:52	37	244	74
3	0	2011-02-28.12:10:57	34	248	58
0	0	2011-02-28.12:11:01	39	247	47
3	0	2011-02-28.12:11:06	36	255	52
3	0	2011-02-28.12:11:10	33	254	68
3	0	2011-02-28.12:11:15	30	253	74
0	0	2011-02-28.12:11:20	28	251	70
0	0	2011-02-28.12:11:24	26	244	67
0	0	2011-02-28.12:11:29	24	245	66
3	0	2011-02-28.12:11:34	22	246	59
3	0	2011-02-28.12:11:38	22	248	56
3	0	2011-02-28.12:11:43	28	251	51
6	3	2011-02-28.12:11:47	26	251	71
6	3	2011-02-28.12:11:52	32	250	71
6	3	2011-02-28.12:11:57	29	245	71
0	0	2011-02-28.12:12:01	27	243	66
3	0	2011-02-28.12:12:06	25	251	53
3	0	2011-02-28.12:12:10	22	249	47
0	0	2011-02-28.12:12:15	21	247	50
3	0	2011-02-28.12:12:20	19	248	60
3	0	2011-02-28.12:12:24	17	251	66
3	0	2011-02-28.12:12:29	24	254	72
0	0	2011-02-28.12:12:34	22	248	69
3	0	2011-02-28.12:12:38	22	250	59
0	0	2011-02-28.12:12:43	20	248	57
3	0	2011-02-28.12:12:47	19	245	59
3	0	2011-02-28.12:12:52	25	247	56
3	0	2011-02-28.12:12:57	23	247	60
3	0	2011-02-28.12:13:01	21	251	80
6	3	2011-02-28.12:13:06	20	260	77
15	3	2011-02-28.12:13:10	42	254	77
6	3	2011-02-28.12:13:15	39	249	74
3	0	2011-02-28.12:13:20	35	249	62
3	0	2011-02-28.12:13:24	33	251	59
0	0	2011-02-28.12:13:29	46	249	56
3	0	2011-02-28.12:13:34	42	254	69
3	0	2011-02-28.12:13:38	42	255	74
3	0	2011-02-28.12:13:43	39	253	80
0	0	2011-02-28.12:13:47	36	249	69
3	0	2011-02-28.12:13:52	33	249	69
3	0	2011-02-28.12:13:57	30	252	71
3	0	2011-02-28.12:14:01	28	260	68
3	0	2011-02-28.12:14:06	25	258	80
3	0	2011-02-28.12:14:11	23	255	95
3	0	2011-02-28.12:14:15	22	251	83
0	0	2011-02-28.12:14:20	28	250	74
3	0	2011-02-28.12:14:25	34	247	86
3	0	2011-02-28.12:14:30	39	252	77
6	3	2011-02-28.12:14:34	36	254	72
6	3	2011-02-28.12:14:39	41	256	82
3	0	2011-02-28.12:14:43	38	255	84
3	0	2011-02-28.12:14:48	38	253	90
3	0	2011-02-28.12:14:53	35	249	81
0	0	2011-02-28.12:14:57	32	242	73
3	0	2011-02-28.12:15:02	29	256	73
3	0	2011-02-28.12:15:07	35	253	54
0	0	2011-02-28.12:15:11	32	249	55
3	0	2011-02-28.12:15:16	29	254	84
3	0	2011-02-28.12:15:21	27	258	102
0	0	2011-02-28.12:15:25	33	253	87
0	0	2011-02-28.12:15:30	30	242	79
3	0	2011-02-28.12:15:35	28	244	64
0	0	2011-02-28.12:15:39	33	245	40
0	0	2011-02-28.12:15:44	31	246	46
3	0	2011-02-28.12:15:48	36	250	76
6	3	2011-02-28.12:15:53	36	253	85
6	3	2011-02-28.12:15:58	33	249	75
6	3	2011-02-28.12:16:02	31	249	73
6	0	2011-02-28.12:16:07	28	250	74
18	0	2011-02-28.12:16:12	34	250	62
3	0	2011-02-28.12:16:16	31	255	58
3	0	2011-02-28.12:16:21	29	251	67
3	0	2011-02-28.12:16:25	26	256	80
3	0	2011-02-28.12:16:30	24	255	83
3	0	2011-02-28.12:16:35	22	253	94
0	0	2011-02-28.12:16:39	20	250	88
0	0	2011-02-28.12:16:44	19	245	68
3	0	2011-02-28.12:16:49	17	245	61
0	0	2011-02-28.12:16:53	17	245	43
3	0	2011-02-28.12:16:58	16	253	70
3	0	2011-02-28.12:17:02	15	263	70
3	0	2011-02-28.12:17:07	13	259	85
3	0	2011-02-28.12:17:12	12	248	82
3	0	2011-02-28.12:17:16	11	249	67
6	3	2011-02-28.12:17:21	10	241	53
3	0	2011-02-28.12:17:26	10	246	64
3	0	2011-02-28.12:17:30	9	250	67
3	0	2011-02-28.12:17:35	8	251	73
3	0	2011-02-28.12:17:40	7	248	85
0	0	2011-02-28.12:17:44	7	247	79
0	0	2011-02-28.12:17:49	6	243	73
0	0	2011-02-28.12:17:53	6	240	58
0	0	2011-02-28.12:17:58	14	241	55
3	0	2011-02-28.12:18:03	12	256	67
3	0	2011-02-28.12:18:07	11	253	73
0	0	2011-02-28.12:18:12	19	250	76
3	0	2011-02-28.12:18:17	17	253	95
3	0	2011-02-28.12:18:21	16	252	90
3	0	2011-02-28.12:18:26	14	247	84
3	0	2011-02-28.12:18:31	13	253	100
3	0	2011-02-28.12:18:35	20	260	100
6	3	2011-02-28.12:18:40	18	251	96
6	3	2011-02-28.12:18:45	17	250	100
3	0	2011-02-28.12:18:49	16	251	105
3	0	2011-02-28.12:18:54	14	249	93
3	0	2011-02-28.12:18:59	13	242	78
3	0	2011-02-28.12:19:03	13	253	88
3	0	2011-02-28.12:19:08	12	260	84
3	0	2011-02-28.12:19:12	11	260	99
0	0	2011-02-28.12:19:17	18	253	99
3	0	2011-02-28.12:19:22	17	254	109
3	0	2011-02-28.12:19:27	15	259	115
3	0	2011-02-28.12:19:31	22	257	72
3	0	2011-02-28.12:19:36	20	253	87
3	0	2011-02-28.12:19:41	19	253	91
3	0	2011-02-28.12:19:45	17	260	99
3	0	2011-02-28.12:19:50	16	255	99
3	0	2011-02-28.12:19:55	22	255	108
6	3	2011-02-28.12:19:59	29	255	117
6	3	2011-02-28.12:20:04	26	259	108
3	0	2011-02-28.12:20:09	24	248	79
3	0	2011-02-28.12:20:13	22	245	89
3	0	2011-02-28.12:20:18	22	251	83
3	0	2011-02-28.12:20:23	20	251	91
3	0	2011-02-28.12:20:27	19	246	86
3	0	2011-02-28.12:20:32	33	249	95
3	0	2011-02-28.12:20:37	31	248	86
3	0	2011-02-28.12:20:42	28	248	85
3	0	2011-02-28.12:20:47	42	242	79
3	0	2011-02-28.12:20:51	38	245	93
3	0	2011-02-28.12:20:56	35	252	78
3	0	2011-02-28.12:21:00	32	245	84
3	0	2011-02-28.12:21:05	30	252	84
3	0	2011-02-28.12:21:10	27	255	87
3	0	2011-02-28.12:21:15	25	251	90
3	0	2011-02-28.12:21:19	23	242	81
6	3	2011-02-28.12:21:24	21	249	105
3	0	2011-02-28.12:21:29	20	252	81
3	0	2011-02-28.12:21:33	20	245	81
0	0	2011-02-28.12:21:38	26	240	78
3	0	2011-02-28.12:21:43	24	248	79
3	0	2011-02-28.12:21:47	30	251	88
0	0	2011-02-28.12:21:52	27	243	81
3	0	2011-02-28.12:21:57	25	247	94
3	0	2011-02-28.12:22:01	23	260	108
3	0	2011-02-28.12:22:06	21	253	88
3	0	2011-02-28.12:22:11	20	251	80
3	0	2011-02-28.12:22:15	18	256	114
0	0	2011-02-28.12:22:20	16	252	90
3	0	2011-02-28.12:22:24	15	252	81
3	0	2011-02-28.12:22:29	14	252	96
3	0	2011-02-28.12:22:34	13	255	98
3	0	2011-02-28.12:22:38	12	255	71
3	0	2011-02-28.12:22:43	12	248	74
6	3	2011-02-28.12:22:48	11	249	90
6	3	2011-02-28.12:22:52	10	255	95
3	0	2011-02-28.12:22:57	33	257	89
3	0	2011-02-28.12:23:02	30	256	89
3	0	2011-02-28.12:23:06	28	247	95
3	0	2011-02-28.12:23:11	26	249	80
3	0	2011-02-28.12:23:16	24	251	71
3	0	2011-02-28.12:23:20	22	246	72
3	0	2011-02-28.12:23:25	20	252	105
3	0	2011-02-28.12:23:30	18	255	100
3	0	2011-02-28.12:23:34	17	245	104
3	0	2011-02-28.12:23:39	15	243	94
3	0	2011-02-28.12:23:44	14	247	91
3	0	2011-02-28.12:23:48	14	243	90
3	0	2011-02-28.12:23:53	13	241	81
6	3	2011-02-28.12:23:58	20	246	99
6	3	2011-02-28.12:24:02	18	253	88
6	3	2011-02-28.12:24:07	17	251	84
3	0	2011-02-28.12:24:12	15	244	93
3	0	2011-02-28.12:24:16	14	245	99
3	0	2011-02-28.12:24:21	13	245	84
3	0	2011-02-28.12:24:26	12	241	71
3	0	2011-02-28.12:24:30	11	248	92
3	0	2011-02-28.12:24:35	10	252	103
3	0	2011-02-28.12:24:40	9	250	92
3	0	2011-02-28.12:24:44	16	242	91
3	0	2011-02-28.12:24:49	47	240	88
3	0	2011-02-28.12:24:54	43	245	70
3	0	2011-02-28.12:24:58	43	252	76
3	0	2011-02-28.12:25:03	40	256	82
6	0	2011-02-28.12:25:07	37	249	81
18	0	2011-02-28.12:25:12	50	244	87
3	0	2011-02-28.12:25:17	46	255	106
3	0	2011-02-28.12:25:21	42	249	92
6	3	2011-02-28.12:25:26	39	245	109
6	3	2011-02-28.12:25:31	35	249	114
3	0	2011-02-28.12:25:35	33	248	79
3	0	2011-02-28.12:25:40	30	244	80
3	0	2011-02-28.12:25:45	28	247	76
3	0	2011-02-28.12:25:49	25	257	104
3	0	2011-02-28.12:25:54	23	256	106
3	0	2011-02-28.12:25:59	21	242	115
3	0	2011-02-28.12:26:03	20	252	97
3	0	2011-02-28.12:26:08	20	243	98
0	0	2011-02-28.12:26:13	18	240	62
3	0	2011-02-28.12:26:17	17	245	70
3	0	2011-02-28.12:26:22	23	257	110
3	0	2011-02-28.12:26:27	21	253	99
3	0	2011-02-28.12:26:31	20	252	105
3	0	2011-02-28.12:26:36	18	240	94
3	0	2011-02-28.12:26:41	25	238	91
3	0	2011-02-28.12:26:45	22	239	65
6	3	2011-02-28.12:26:50	21	241	82
3	0	2011-02-28.12:26:55	19	244	83
3	0	2011-02-28.12:26:59	17	246	112
3	0	2011-02-28.12:27:04	16	251	103
3	0	2011-02-28.12:27:09	15	239	93
3	0	2011-02-28.12:27:14	14	241	84
3	0	2011-02-28.12:27:19	12	239	50
3	0	2011-02-28.12:27:23	19	240	59
3	0	2011-02-28.12:27:28	19	246	80
3	0	2011-02-28.12:27:33	18	252	105
3	0	2011-02-28.12:27:37	16	250	101
3	0	2011-02-28.12:27:42	23	237	101
3	0	2011-02-28.12:27:47	21	237	104
3	0	2011-02-28.12:27:51	19	237	53
3	0	2011-02-28.12:27:56	18	239	65
3	0	2011-02-28.12:28:01	32	245	80
6	0	2011-02-28.12:28:05	30	262	107
9	3	2011-02-28.12:28:10	35	255	108
6	3	2011-02-28.12:28:15	33	248	112
6	3	2011-02-28.12:28:19	30	238	98
3	0	2011-02-28.12:28:24	27	241	79
3	0	2011-02-28.12:28:29	25	240	48
3	0	2011-02-28.12:28:33	25	249	48
3	0	2011-02-28.12:28:38	31	253	45
0	0	2011-02-28.12:28:42	29	242	41
0	0	2011-02-28.12:28:47	26	237	39
3	0	2011-02-28.12:28:52	24	241	16
0	0	2011-02-28.12:28:56	22	237	16
0	0	2011-02-28.12:29:01	20	233	13
3	0	2011-02-28.12:29:05	19	245	25
0	0	2011-02-28.12:29:10	17	243	22
0	0	2011-02-28.12:29:14	16	241	20
0	0	2011-02-28.12:29:19	15	232	20
0	0	2011-02-28.12:29:23	13	233	23
0	0	2011-02-28.12:29:28	13	235	9
0	0	2011-02-28.12:29:33	12	232	9
0	0	2011-02-28.12:29:37	11	232	6
0	0	2011-02-28.12:29:42	10	232	6
0	0	2011-02-28.12:29:46	10	230	3
0	0	2011-02-28.12:29:51	9	230	3
0	0	2011-02-28.12:29:55	8	230	3
0	0	2011-02-28.12:30:00	7	230	3
3	0	2011-02-28.12:30:04	7	238	3
0	0	2011-02-28.12:30:09	6	234	3
0	0	2011-02-28.12:30:14	6	232	3
0	0	2011-02-28.12:30:18	6	232	3
0	0	2011-02-28.12:30:23	5	232	3
0	0	2011-02-28.12:30:27	5	232	3
0	0	2011-02-28.12:30:32	4	232	3
0	0	2011-02-28.12:30:37	4	232	3
0	0	2011-02-28.12:30:42	4	232	3
0	0	2011-02-28.12:30:46	3	230	3
0	0	2011-02-28.12:30:51	3	230	3
0	0	2011-02-28.12:30:55	3	230	3
0	0	2011-02-28.12:31:00	2	230	3
3	0	2011-02-28.12:31:04	2	238	3
3	0	2011-02-28.12:31:09	2	237	3
0	0	2011-02-28.12:31:13	2	232	3
0	0	2011-02-28.12:31:18	2	232	3
0	0	2011-02-28.12:31:22	2	232	3
0	0	2011-02-28.12:31:27	2	232	3
0	0	2011-02-28.12:31:32	1	232	3
