0	0	2011-05-31.09:00:01	2	226	1
0	0	2011-05-31.09:00:05	2	232	1
0	0	2011-05-31.09:00:09	2	228	1
0	0	2011-05-31.09:00:13	2	228	1
0	0	2011-05-31.09:00:17	2	228	1
0	0	2011-05-31.09:00:21	1	228	1
0	0	2011-05-31.09:00:25	1	228	1
0	0	2011-05-31.09:00:29	1	228	1
0	0	2011-05-31.09:00:33	1	228	1
0	0	2011-05-31.09:00:38	1	228	1
0	0	2011-05-31.09:00:42	1	228	1
0	0	2011-05-31.09:00:46	1	226	1
0	0	2011-05-31.09:00:50	1	226	1
0	0	2011-05-31.09:00:54	1	226	1
0	0	2011-05-31.09:00:58	1	226	1
0	0	2011-05-31.09:01:02	1	232	1
0	0	2011-05-31.09:01:06	0	232	1
0	0	2011-05-31.09:01:10	0	228	1
0	0	2011-05-31.09:01:14	0	228	1
0	0	2011-05-31.09:01:18	0	228	1
0	0	2011-05-31.09:01:22	0	228	1
0	0	2011-05-31.09:01:26	0	228	1
0	0	2011-05-31.09:01:30	0	228	1
0	0	2011-05-31.09:01:34	0	228	1
0	0	2011-05-31.09:01:38	0	228	1
0	0	2011-05-31.09:01:42	0	228	1
0	0	2011-05-31.09:01:46	0	226	1
0	0	2011-05-31.09:01:50	0	226	1
0	0	2011-05-31.09:01:54	0	226	1
0	0	2011-05-31.09:01:58	8	226	1
0	0	2011-05-31.09:02:02	7	232	1
0	0	2011-05-31.09:02:06	7	228	1
0	0	2011-05-31.09:02:10	6	228	1
0	0	2011-05-31.09:02:15	6	228	1
0	0	2011-05-31.09:02:19	6	228	1
0	0	2011-05-31.09:02:23	5	228	1
0	0	2011-05-31.09:02:27	5	228	1
0	0	2011-05-31.09:02:31	4	228	1
0	0	2011-05-31.09:02:35	4	228	1
0	0	2011-05-31.09:02:39	4	228	1
0	0	2011-05-31.09:02:43	4	228	1
0	0	2011-05-31.09:02:47	3	226	1
0	0	2011-05-31.09:02:51	3	226	1
0	0	2011-05-31.09:02:55	3	226	1
0	0	2011-05-31.09:02:59	3	226	1
0	0	2011-05-31.09:03:03	2	232	1
0	0	2011-05-31.09:03:07	2	228	1
0	0	2011-05-31.09:03:11	2	228	1
0	0	2011-05-31.09:03:15	2	228	1
0	0	2011-05-31.09:03:19	2	228	1
0	0	2011-05-31.09:03:23	2	228	1
0	0	2011-05-31.09:03:27	2	228	1
0	0	2011-05-31.09:03:31	1	228	1
0	0	2011-05-31.09:03:35	1	228	1
0	0	2011-05-31.09:03:39	1	228	1
0	0	2011-05-31.09:03:43	1	228	1
0	0	2011-05-31.09:03:48	1	226	1
0	0	2011-05-31.09:03:52	1	226	1
0	0	2011-05-31.09:03:56	1	226	1
0	0	2011-05-31.09:04:00	1	226	1
0	0	2011-05-31.09:04:04	1	232	1
0	0	2011-05-31.09:04:08	1	228	1
0	0	2011-05-31.09:04:12	1	228	1
0	0	2011-05-31.09:04:16	0	228	1
0	0	2011-05-31.09:04:20	0	228	1
0	0	2011-05-31.09:04:24	8	228	1
0	0	2011-05-31.09:04:28	8	228	1
0	0	2011-05-31.09:04:32	7	228	1
0	0	2011-05-31.09:04:36	7	228	1
0	0	2011-05-31.09:04:40	7	228	1
0	0	2011-05-31.09:04:44	6	228	1
0	0	2011-05-31.09:04:48	6	226	1
0	0	2011-05-31.09:04:52	5	226	1
0	0	2011-05-31.09:04:56	5	226	1
0	0	2011-05-31.09:05:00	4	226	1
0	0	2011-05-31.09:05:04	4	232	1
0	0	2011-05-31.09:05:08	12	228	1
0	0	2011-05-31.09:05:12	11	228	1
0	0	2011-05-31.09:05:16	10	228	1
0	0	2011-05-31.09:05:21	9	228	1
0	0	2011-05-31.09:05:25	9	228	1
0	0	2011-05-31.09:05:29	8	228	1
0	0	2011-05-31.09:05:33	8	228	1
0	0	2011-05-31.09:05:37	7	228	1
0	0	2011-05-31.09:05:41	6	228	1
0	0	2011-05-31.09:05:45	6	226	1
0	0	2011-05-31.09:05:49	6	226	1
0	0	2011-05-31.09:05:53	5	226	1
0	0	2011-05-31.09:05:57	5	226	1
0	0	2011-05-31.09:06:01	5	234	1
0	0	2011-05-31.09:06:05	5	232	1
0	0	2011-05-31.09:06:09	4	228	1
0	0	2011-05-31.09:06:13	4	228	1
0	0	2011-05-31.09:06:17	4	228	1
0	0	2011-05-31.09:06:21	3	228	1
0	0	2011-05-31.09:06:25	3	228	1
0	0	2011-05-31.09:06:29	3	228	1
0	0	2011-05-31.09:06:33	3	228	1
0	0	2011-05-31.09:06:37	2	228	1
0	0	2011-05-31.09:06:41	2	228	1
0	0	2011-05-31.09:06:45	2	226	1
0	0	2011-05-31.09:06:49	2	226	1
0	0	2011-05-31.09:06:54	2	226	1
0	0	2011-05-31.09:06:58	2	226	1
0	0	2011-05-31.09:07:02	2	232	1
0	0	2011-05-31.09:07:06	1	232	1
0	0	2011-05-31.09:07:10	1	228	1
0	0	2011-05-31.09:07:14	1	228	1
0	0	2011-05-31.09:07:18	1	228	1
0	0	2011-05-31.09:07:22	1	228	1
0	0	2011-05-31.09:07:26	1	228	1
0	0	2011-05-31.09:07:30	1	228	1
0	0	2011-05-31.09:07:34	1	228	1
0	0	2011-05-31.09:07:38	9	228	1
0	0	2011-05-31.09:07:42	8	228	1
0	0	2011-05-31.09:07:46	7	226	1
0	0	2011-05-31.09:07:50	7	226	1
0	0	2011-05-31.09:07:54	7	226	1
0	0	2011-05-31.09:07:58	6	226	1
0	0	2011-05-31.09:08:02	6	232	1
0	0	2011-05-31.09:08:07	5	228	1
0	0	2011-05-31.09:08:11	5	228	1
0	0	2011-05-31.09:08:15	5	228	1
0	0	2011-05-31.09:08:19	4	228	1
0	0	2011-05-31.09:08:23	4	228	1
0	0	2011-05-31.09:08:27	4	228	1
0	0	2011-05-31.09:08:31	3	228	1
0	0	2011-05-31.09:08:35	3	228	1
0	0	2011-05-31.09:08:39	3	228	1
0	0	2011-05-31.09:08:43	3	228	1
0	0	2011-05-31.09:08:47	2	226	1
0	0	2011-05-31.09:08:51	2	226	1
0	0	2011-05-31.09:08:55	2	226	1
0	0	2011-05-31.09:08:59	2	226	1
0	0	2011-05-31.09:09:03	2	232	1
0	0	2011-05-31.09:09:07	2	228	1
0	0	2011-05-31.09:09:11	2	228	1
0	0	2011-05-31.09:09:15	1	228	1
0	0	2011-05-31.09:09:19	1	228	1
0	0	2011-05-31.09:09:23	1	228	1
0	0	2011-05-31.09:09:27	1	228	1
0	0	2011-05-31.09:09:31	1	228	1
0	0	2011-05-31.09:09:36	1	228	1
0	0	2011-05-31.09:09:40	1	228	1
0	0	2011-05-31.09:09:44	1	228	1
0	0	2011-05-31.09:09:48	1	226	1
0	0	2011-05-31.09:09:52	1	226	1
0	0	2011-05-31.09:09:56	1	226	1
0	0	2011-05-31.09:10:00	1	226	1
0	0	2011-05-31.09:10:04	0	232	1
0	0	2011-05-31.09:10:08	0	228	1
0	0	2011-05-31.09:10:12	0	228	1
0	0	2011-05-31.09:10:16	0	228	1
0	0	2011-05-31.09:10:20	0	228	1
0	0	2011-05-31.09:10:24	0	228	1
0	0	2011-05-31.09:10:28	0	228	1
0	0	2011-05-31.09:10:32	0	228	1
0	0	2011-05-31.09:10:36	8	228	1
0	0	2011-05-31.09:10:40	7	228	1
0	0	2011-05-31.09:10:44	7	228	1
0	0	2011-05-31.09:10:48	7	226	1
0	0	2011-05-31.09:10:52	6	226	1
0	0	2011-05-31.09:10:56	6	226	1
0	0	2011-05-31.09:11:00	5	226	1
0	0	2011-05-31.09:11:04	5	232	1
0	0	2011-05-31.09:11:09	5	228	1
0	0	2011-05-31.09:11:13	4	228	1
0	0	2011-05-31.09:11:17	4	228	1
0	0	2011-05-31.09:11:21	4	228	1
0	0	2011-05-31.09:11:25	4	228	1
0	0	2011-05-31.09:11:29	3	228	1
0	0	2011-05-31.09:11:33	3	228	1
0	0	2011-05-31.09:11:37	3	228	1
0	0	2011-05-31.09:11:41	3	228	1
0	0	2011-05-31.09:11:45	3	228	1
0	0	2011-05-31.09:11:49	2	226	1
0	0	2011-05-31.09:11:53	2	226	1
0	0	2011-05-31.09:11:57	2	226	1
0	0	2011-05-31.09:12:01	2	231	1
0	0	2011-05-31.09:12:05	2	232	1
0	0	2011-05-31.09:12:09	10	229	1
0	0	2011-05-31.09:12:13	9	228	1
0	0	2011-05-31.09:12:17	8	228	1
0	0	2011-05-31.09:12:21	7	228	1
0	0	2011-05-31.09:12:25	7	228	1
0	0	2011-05-31.09:12:29	7	228	1
0	0	2011-05-31.09:12:33	6	228	1
0	0	2011-05-31.09:12:37	6	228	1
0	0	2011-05-31.09:12:42	5	228	1
0	0	2011-05-31.09:12:46	21	226	1
0	0	2011-05-31.09:12:50	21	226	1
0	0	2011-05-31.09:12:54	19	226	1
0	0	2011-05-31.09:12:58	17	226	1
0	0	2011-05-31.09:13:02	16	232	1
0	0	2011-05-31.09:13:06	15	232	1
0	0	2011-05-31.09:13:10	15	228	1
0	0	2011-05-31.09:13:14	14	228	1
0	0	2011-05-31.09:13:18	12	228	1
0	0	2011-05-31.09:13:22	11	228	1
0	0	2011-05-31.09:13:26	10	228	1
0	0	2011-05-31.09:13:30	10	228	1
0	0	2011-05-31.09:13:34	10	228	1
0	0	2011-05-31.09:13:38	9	228	1
0	0	2011-05-31.09:13:42	8	228	1
0	0	2011-05-31.09:13:46	7	226	1
0	0	2011-05-31.09:13:50	7	226	1
0	0	2011-05-31.09:13:54	7	226	1
0	0	2011-05-31.09:13:58	6	226	1
0	0	2011-05-31.09:14:02	6	232	1
0	0	2011-05-31.09:14:06	5	230	1
0	0	2011-05-31.09:14:11	5	228	1
0	0	2011-05-31.09:14:15	5	228	1
0	0	2011-05-31.09:14:19	4	228	1
0	0	2011-05-31.09:14:23	4	228	1
0	0	2011-05-31.09:14:27	4	228	1
0	0	2011-05-31.09:14:31	3	228	1
0	0	2011-05-31.09:14:35	3	228	1
0	0	2011-05-31.09:14:39	3	228	1
0	0	2011-05-31.09:14:43	3	228	1
0	0	2011-05-31.09:14:47	2	226	1
0	0	2011-05-31.09:14:51	10	226	1
0	0	2011-05-31.09:14:55	10	226	1
0	0	2011-05-31.09:14:59	9	226	1
0	0	2011-05-31.09:15:03	9	232	1
0	0	2011-05-31.09:15:07	8	228	1
0	0	2011-05-31.09:15:11	7	228	1
0	0	2011-05-31.09:15:15	7	228	1
0	0	2011-05-31.09:15:19	7	228	1
0	0	2011-05-31.09:15:23	6	228	1
0	0	2011-05-31.09:15:27	6	228	1
0	0	2011-05-31.09:15:31	5	228	1
0	0	2011-05-31.09:15:35	5	228	1
0	0	2011-05-31.09:15:39	5	228	1
0	0	2011-05-31.09:15:44	4	228	1
0	0	2011-05-31.09:15:48	4	226	1
0	0	2011-05-31.09:15:52	4	226	1
0	0	2011-05-31.09:15:56	3	226	1
0	0	2011-05-31.09:16:00	3	226	1
0	0	2011-05-31.09:16:04	3	232	1
0	0	2011-05-31.09:16:08	3	228	1
0	0	2011-05-31.09:16:12	2	228	1
0	0	2011-05-31.09:16:16	2	228	1
0	0	2011-05-31.09:16:20	2	228	1
0	0	2011-05-31.09:16:24	2	228	1
0	0	2011-05-31.09:16:28	2	228	1
0	0	2011-05-31.09:16:32	2	228	1
0	0	2011-05-31.09:16:36	2	228	1
0	0	2011-05-31.09:16:40	2	228	1
0	0	2011-05-31.09:16:44	17	228	1
0	0	2011-05-31.09:16:48	16	226	1
0	0	2011-05-31.09:16:52	15	226	1
0	0	2011-05-31.09:16:56	13	226	1
0	0	2011-05-31.09:17:00	12	226	1
0	0	2011-05-31.09:17:04	12	232	1
0	0	2011-05-31.09:17:09	11	228	1
0	0	2011-05-31.09:17:13	10	228	1
0	0	2011-05-31.09:17:17	10	228	1
0	0	2011-05-31.09:17:21	9	228	1
0	0	2011-05-31.09:17:25	9	228	1
0	0	2011-05-31.09:17:29	8	228	1
0	0	2011-05-31.09:17:33	7	228	1
0	0	2011-05-31.09:17:37	15	228	1
0	0	2011-05-31.09:17:41	13	228	1
0	0	2011-05-31.09:17:45	13	228	1
0	0	2011-05-31.09:17:49	12	226	1
0	0	2011-05-31.09:17:53	11	226	1
0	0	2011-05-31.09:17:57	10	226	1
0	0	2011-05-31.09:18:01	10	226	1
0	0	2011-05-31.09:18:05	10	232	1
0	0	2011-05-31.09:18:09	9	228	1
0	0	2011-05-31.09:18:13	8	228	1
0	0	2011-05-31.09:18:17	7	228	1
0	0	2011-05-31.09:18:21	7	228	1
0	0	2011-05-31.09:18:25	6	228	1
0	0	2011-05-31.09:18:29	6	228	1
0	0	2011-05-31.09:18:33	6	228	1
0	0	2011-05-31.09:18:37	5	228	1
0	0	2011-05-31.09:18:41	5	228	1
0	0	2011-05-31.09:18:46	4	226	1
0	0	2011-05-31.09:18:50	4	226	1
0	0	2011-05-31.09:18:54	4	226	1
0	0	2011-05-31.09:18:58	4	226	1
0	0	2011-05-31.09:19:02	3	234	1
0	0	2011-05-31.09:19:06	3	232	1
0	0	2011-05-31.09:19:10	3	228	1
0	0	2011-05-31.09:19:14	3	228	1
0	0	2011-05-31.09:19:18	2	228	1
0	0	2011-05-31.09:19:22	2	228	1
0	0	2011-05-31.09:19:26	2	228	1
0	0	2011-05-31.09:19:30	2	228	1
0	0	2011-05-31.09:19:34	2	228	1
0	0	2011-05-31.09:19:38	2	228	1
0	0	2011-05-31.09:19:42	2	228	1
0	0	2011-05-31.09:19:46	1	226	1
0	0	2011-05-31.09:19:50	1	226	1
0	0	2011-05-31.09:19:54	1	226	1
0	0	2011-05-31.09:19:58	1	226	1
0	0	2011-05-31.09:20:02	1	232	1
0	0	2011-05-31.09:20:06	1	228	1
0	0	2011-05-31.09:20:10	1	228	1
0	0	2011-05-31.09:20:14	1	228	1
0	0	2011-05-31.09:20:19	1	228	1
0	0	2011-05-31.09:20:23	1	228	1
0	0	2011-05-31.09:20:27	1	228	1
0	0	2011-05-31.09:20:31	0	228	1
0	0	2011-05-31.09:20:35	0	228	1
0	0	2011-05-31.09:20:39	0	228	1
0	0	2011-05-31.09:20:43	0	228	1
0	0	2011-05-31.09:20:47	0	226	1
0	0	2011-05-31.09:20:51	0	226	1
0	0	2011-05-31.09:20:55	0	226	1
0	0	2011-05-31.09:20:59	0	226	1
0	0	2011-05-31.09:21:03	0	232	1
0	0	2011-05-31.09:21:07	0	228	1
0	0	2011-05-31.09:21:11	0	228	1
0	0	2011-05-31.09:21:15	0	228	1
0	0	2011-05-31.09:21:19	0	228	1
0	0	2011-05-31.09:21:23	0	228	1
0	0	2011-05-31.09:21:27	0	228	1
0	0	2011-05-31.09:21:31	0	228	1
0	0	2011-05-31.09:21:35	0	228	1
0	0	2011-05-31.09:21:39	0	228	1
0	0	2011-05-31.09:21:43	0	228	1
0	0	2011-05-31.09:21:48	0	226	1
0	0	2011-05-31.09:21:52	8	226	1
0	0	2011-05-31.09:21:56	7	226	1
0	0	2011-05-31.09:22:00	7	226	1
0	0	2011-05-31.09:22:04	7	232	1
0	0	2011-05-31.09:22:08	6	228	1
0	0	2011-05-31.09:22:12	6	228	1
0	0	2011-05-31.09:22:16	5	228	1
0	0	2011-05-31.09:22:20	5	228	1
0	0	2011-05-31.09:22:24	5	228	1
0	0	2011-05-31.09:22:28	4	228	1
0	0	2011-05-31.09:22:32	4	228	1
0	0	2011-05-31.09:22:36	4	228	1
0	0	2011-05-31.09:22:40	4	228	1
0	0	2011-05-31.09:22:44	3	228	1
0	0	2011-05-31.09:22:48	3	226	1
0	0	2011-05-31.09:22:52	3	226	1
0	0	2011-05-31.09:22:56	2	226	1
0	0	2011-05-31.09:23:00	2	226	1
0	0	2011-05-31.09:23:04	2	232	1
0	0	2011-05-31.09:23:08	2	228	1
0	0	2011-05-31.09:23:12	2	228	1
0	0	2011-05-31.09:23:16	2	228	1
0	0	2011-05-31.09:23:21	2	228	1
0	0	2011-05-31.09:23:25	2	228	1
0	0	2011-05-31.09:23:29	1	228	1
0	0	2011-05-31.09:23:33	1	228	1
0	0	2011-05-31.09:23:37	1	228	1
0	0	2011-05-31.09:23:41	1	228	1
0	0	2011-05-31.09:23:45	1	226	1
0	0	2011-05-31.09:23:49	1	226	1
0	0	2011-05-31.09:23:53	1	226	1
0	0	2011-05-31.09:23:57	1	226	1
0	0	2011-05-31.09:24:01	1	234	1
0	0	2011-05-31.09:24:05	1	232	1
0	0	2011-05-31.09:24:09	1	228	1
0	0	2011-05-31.09:24:13	0	228	1
0	0	2011-05-31.09:24:17	0	228	1
0	0	2011-05-31.09:24:21	0	228	1
0	0	2011-05-31.09:24:25	16	228	1
0	0	2011-05-31.09:24:29	16	228	1
0	0	2011-05-31.09:24:33	15	228	1
0	0	2011-05-31.09:24:37	22	228	1
0	0	2011-05-31.09:24:41	20	228	1
0	0	2011-05-31.09:24:45	18	226	1
0	0	2011-05-31.09:24:49	18	226	1
0	0	2011-05-31.09:24:54	17	226	1
0	0	2011-05-31.09:24:58	16	226	1
0	0	2011-05-31.09:25:02	14	232	1
0	0	2011-05-31.09:25:06	21	232	1
0	0	2011-05-31.09:25:10	21	228	1
0	0	2011-05-31.09:25:14	19	228	1
0	0	2011-05-31.09:25:18	18	228	1
0	0	2011-05-31.09:25:22	16	228	1
0	0	2011-05-31.09:25:26	15	228	1
0	0	2011-05-31.09:25:30	14	228	1
0	0	2011-05-31.09:25:34	14	229	1
0	0	2011-05-31.09:25:38	13	228	1
0	0	2011-05-31.09:25:43	12	228	1
0	0	2011-05-31.09:25:47	11	226	1
0	0	2011-05-31.09:25:51	10	226	1
0	0	2011-05-31.09:25:55	10	226	1
0	0	2011-05-31.09:25:59	9	226	1
0	0	2011-05-31.09:26:03	8	232	1
0	0	2011-05-31.09:26:07	8	228	1
0	0	2011-05-31.09:26:11	7	228	1
0	0	2011-05-31.09:26:15	7	228	1
0	0	2011-05-31.09:26:19	6	228	1
0	0	2011-05-31.09:26:23	6	228	1
0	0	2011-05-31.09:26:27	5	228	1
0	0	2011-05-31.09:26:31	5	228	1
0	0	2011-05-31.09:26:35	5	228	1
0	0	2011-05-31.09:26:39	4	228	1
0	0	2011-05-31.09:26:43	4	228	1
0	0	2011-05-31.09:26:47	4	226	1
0	0	2011-05-31.09:26:51	3	226	1
0	0	2011-05-31.09:26:55	3	226	1
0	0	2011-05-31.09:26:59	3	226	1
0	0	2011-05-31.09:27:03	3	232	1
0	0	2011-05-31.09:27:07	3	228	1
0	0	2011-05-31.09:27:11	2	228	1
0	0	2011-05-31.09:27:16	2	228	1
0	0	2011-05-31.09:27:20	2	228	1
0	0	2011-05-31.09:27:24	2	228	1
0	0	2011-05-31.09:27:28	2	228	1
0	0	2011-05-31.09:27:32	2	228	1
0	0	2011-05-31.09:27:36	1	228	1
0	0	2011-05-31.09:27:40	1	228	1
0	0	2011-05-31.09:27:44	1	228	1
0	0	2011-05-31.09:27:48	1	226	1
0	0	2011-05-31.09:27:52	9	226	1
0	0	2011-05-31.09:27:56	8	226	1
0	0	2011-05-31.09:28:00	8	226	1
0	0	2011-05-31.09:28:04	8	232	1
0	0	2011-05-31.09:28:08	7	228	1
0	0	2011-05-31.09:28:12	6	228	1
0	0	2011-05-31.09:28:16	6	228	1
0	0	2011-05-31.09:28:20	5	228	1
0	0	2011-05-31.09:28:24	5	228	1
0	0	2011-05-31.09:28:28	5	228	1
0	0	2011-05-31.09:28:32	5	228	1
0	0	2011-05-31.09:28:36	4	228	1
0	0	2011-05-31.09:28:40	4	228	1
0	0	2011-05-31.09:28:45	4	228	1
0	0	2011-05-31.09:28:49	3	226	1
0	0	2011-05-31.09:28:53	3	226	1
0	0	2011-05-31.09:28:57	3	226	1
0	0	2011-05-31.09:29:01	3	226	1
0	0	2011-05-31.09:29:05	3	232	1
0	0	2011-05-31.09:29:09	2	228	1
0	0	2011-05-31.09:29:13	2	228	1
0	0	2011-05-31.09:29:17	2	228	1
0	0	2011-05-31.09:29:21	2	228	1
0	0	2011-05-31.09:29:25	2	228	1
0	0	2011-05-31.09:29:29	2	228	1
0	0	2011-05-31.09:29:33	2	228	1
0	0	2011-05-31.09:29:37	1	228	1
0	0	2011-05-31.09:29:41	1	228	1
0	0	2011-05-31.09:29:45	1	226	1
0	0	2011-05-31.09:29:49	1	226	1
0	0	2011-05-31.09:29:53	1	226	1
0	0	2011-05-31.09:29:57	1	226	1
0	0	2011-05-31.09:30:01	1	235	1
0	0	2011-05-31.09:30:05	1	232	1
0	0	2011-05-31.09:30:09	1	228	1
0	0	2011-05-31.09:30:13	1	228	1
0	0	2011-05-31.09:30:18	1	228	1
0	0	2011-05-31.09:30:22	0	228	1
0	0	2011-05-31.09:30:26	0	228	1
0	0	2011-05-31.09:30:30	0	228	1
0	0	2011-05-31.09:30:34	0	228	1
0	0	2011-05-31.09:30:38	0	228	1
0	0	2011-05-31.09:30:42	0	228	1
0	0	2011-05-31.09:30:46	0	226	1
0	0	2011-05-31.09:30:50	0	226	1
0	0	2011-05-31.09:30:54	0	226	1
0	0	2011-05-31.09:30:58	0	226	1
0	0	2011-05-31.09:31:02	0	232	1
0	0	2011-05-31.09:31:06	0	232	1
0	0	2011-05-31.09:31:10	0	228	1
0	0	2011-05-31.09:31:14	0	228	1
0	0	2011-05-31.09:31:18	0	228	1
0	0	2011-05-31.09:31:22	0	228	1
0	0	2011-05-31.09:31:26	0	228	1
0	0	2011-05-31.09:31:30	0	228	1
0	0	2011-05-31.09:31:34	0	228	1
0	0	2011-05-31.09:31:38	0	228	1
0	0	2011-05-31.09:31:42	0	228	1
0	0	2011-05-31.09:31:46	0	226	1
0	0	2011-05-31.09:31:51	0	226	1
0	0	2011-05-31.09:31:55	0	226	1
0	0	2011-05-31.09:31:59	0	226	1
0	0	2011-05-31.09:32:03	0	232	1
0	0	2011-05-31.09:32:07	0	228	1
0	0	2011-05-31.09:32:11	0	228	1
0	0	2011-05-31.09:32:15	0	228	1
0	0	2011-05-31.09:32:19	0	228	1
0	0	2011-05-31.09:32:23	0	228	1
0	0	2011-05-31.09:32:27	0	228	1
0	0	2011-05-31.09:32:31	8	228	1
0	0	2011-05-31.09:32:35	8	228	1
0	0	2011-05-31.09:32:39	7	228	1
0	0	2011-05-31.09:32:43	23	228	1
0	0	2011-05-31.09:32:47	21	226	1
0	0	2011-05-31.09:32:51	19	226	1
0	0	2011-05-31.09:32:55	19	226	1
0	0	2011-05-31.09:32:59	26	226	1
0	0	2011-05-31.09:33:03	24	232	1
0	0	2011-05-31.09:33:07	22	228	1
0	0	2011-05-31.09:33:11	28	228	1
0	0	2011-05-31.09:33:15	26	228	1
0	0	2011-05-31.09:33:19	26	228	1
0	0	2011-05-31.09:33:24	24	228	1
0	0	2011-05-31.09:33:28	22	228	1
0	0	2011-05-31.09:33:32	20	228	1
0	0	2011-05-31.09:33:36	18	228	1
0	0	2011-05-31.09:33:40	18	228	1
0	0	2011-05-31.09:33:44	17	228	1
0	0	2011-05-31.09:33:48	15	226	1
0	0	2011-05-31.09:33:52	14	226	1
0	0	2011-05-31.09:33:56	13	226	1
0	0	2011-05-31.09:34:00	13	226	1
0	0	2011-05-31.09:34:04	12	232	1
0	0	2011-05-31.09:34:08	11	228	1
0	0	2011-05-31.09:34:12	10	228	1
0	0	2011-05-31.09:34:16	17	228	1
0	0	2011-05-31.09:34:20	17	228	1
0	0	2011-05-31.09:34:24	16	228	1
0	0	2011-05-31.09:34:28	15	228	1
0	0	2011-05-31.09:34:32	13	228	1
0	0	2011-05-31.09:34:36	12	228	1
0	0	2011-05-31.09:34:40	11	228	1
0	0	2011-05-31.09:34:44	11	228	1
0	0	2011-05-31.09:34:48	10	226	1
0	0	2011-05-31.09:34:53	10	226	1
0	0	2011-05-31.09:34:57	9	226	1
0	0	2011-05-31.09:35:01	16	226	1
0	0	2011-05-31.09:35:05	16	232	1
0	0	2011-05-31.09:35:09	15	228	1
0	0	2011-05-31.09:35:13	13	228	1
0	0	2011-05-31.09:35:17	12	228	1
0	0	2011-05-31.09:35:21	11	228	1
0	0	2011-05-31.09:35:25	11	228	1
0	0	2011-05-31.09:35:29	10	228	1
0	0	2011-05-31.09:35:33	10	228	1
0	0	2011-05-31.09:35:37	9	228	1
0	0	2011-05-31.09:35:41	8	228	1
0	0	2011-05-31.09:35:45	8	228	1
0	0	2011-05-31.09:35:49	7	226	1
0	0	2011-05-31.09:35:53	7	226	1
0	0	2011-05-31.09:35:57	6	226	1
0	0	2011-05-31.09:36:01	6	226	1
0	0	2011-05-31.09:36:05	5	232	1
0	0	2011-05-31.09:36:09	5	228	1
0	0	2011-05-31.09:36:13	5	228	1
0	0	2011-05-31.09:36:18	4	228	1
0	0	2011-05-31.09:36:22	4	228	1
0	0	2011-05-31.09:36:26	4	228	1
0	0	2011-05-31.09:36:30	4	228	1
0	0	2011-05-31.09:36:34	3	228	1
0	0	2011-05-31.09:36:38	3	228	1
0	0	2011-05-31.09:36:42	3	228	1
0	0	2011-05-31.09:36:46	2	226	1
0	0	2011-05-31.09:36:50	2	226	1
0	0	2011-05-31.09:36:54	2	226	1
0	0	2011-05-31.09:36:59	2	226	1
0	0	2011-05-31.09:37:03	2	232	1
0	0	2011-05-31.09:37:07	2	230	1
0	0	2011-05-31.09:37:11	2	228	1
0	0	2011-05-31.09:37:15	2	228	1
0	0	2011-05-31.09:37:19	1	228	1
0	0	2011-05-31.09:37:23	1	228	1
0	0	2011-05-31.09:37:27	1	228	1
0	0	2011-05-31.09:37:31	1	228	1
0	0	2011-05-31.09:37:35	1	228	1
0	0	2011-05-31.09:37:39	1	228	1
0	0	2011-05-31.09:37:43	1	228	1
0	0	2011-05-31.09:37:47	1	226	1
0	0	2011-05-31.09:37:51	1	226	1
0	0	2011-05-31.09:37:55	1	226	1
0	0	2011-05-31.09:37:59	1	226	1
0	0	2011-05-31.09:38:03	0	232	1
0	0	2011-05-31.09:38:07	0	228	1
0	0	2011-05-31.09:38:11	0	228	1
0	0	2011-05-31.09:38:15	0	228	1
0	0	2011-05-31.09:38:19	0	228	1
0	0	2011-05-31.09:38:23	0	228	1
0	0	2011-05-31.09:38:28	0	228	1
0	0	2011-05-31.09:38:32	0	228	1
0	0	2011-05-31.09:38:36	0	228	1
0	0	2011-05-31.09:38:40	0	228	1
0	0	2011-05-31.09:38:44	0	228	1
0	0	2011-05-31.09:38:48	0	226	1
0	0	2011-05-31.09:38:52	0	226	1
0	0	2011-05-31.09:38:56	0	226	1
0	0	2011-05-31.09:39:00	0	226	1
0	0	2011-05-31.09:39:04	0	232	1
0	0	2011-05-31.09:39:08	0	228	1
0	0	2011-05-31.09:39:12	0	228	1
0	0	2011-05-31.09:39:16	0	228	1
0	0	2011-05-31.09:39:20	0	228	1
0	0	2011-05-31.09:39:24	0	228	1
0	0	2011-05-31.09:39:28	0	228	1
0	0	2011-05-31.09:39:32	8	228	1
0	0	2011-05-31.09:39:36	7	228	1
0	0	2011-05-31.09:39:40	7	228	1
0	0	2011-05-31.09:39:44	7	228	1
0	0	2011-05-31.09:39:48	6	226	1
0	0	2011-05-31.09:39:52	6	226	1
0	0	2011-05-31.09:39:57	5	226	1
0	0	2011-05-31.09:40:01	5	226	1
0	0	2011-05-31.09:40:05	5	232	1
0	0	2011-05-31.09:40:09	4	228	1
0	0	2011-05-31.09:40:13	4	228	1
0	0	2011-05-31.09:40:17	4	228	1
0	0	2011-05-31.09:40:21	3	228	1
0	0	2011-05-31.09:40:25	3	228	1
0	0	2011-05-31.09:40:29	3	228	1
0	0	2011-05-31.09:40:33	3	228	1
0	0	2011-05-31.09:40:37	2	229	1
0	0	2011-05-31.09:40:41	2	228	1
0	0	2011-05-31.09:40:45	2	226	1
0	0	2011-05-31.09:40:49	2	226	1
0	0	2011-05-31.09:40:53	2	226	1
0	0	2011-05-31.09:40:57	2	226	1
0	0	2011-05-31.09:41:01	2	232	1
0	0	2011-05-31.09:41:05	2	232	1
0	0	2011-05-31.09:41:09	17	228	1
0	0	2011-05-31.09:41:13	16	228	1
0	0	2011-05-31.09:41:17	15	228	1
0	0	2011-05-31.09:41:21	13	228	1
0	0	2011-05-31.09:41:25	12	228	1
0	0	2011-05-31.09:41:30	12	228	1
0	0	2011-05-31.09:41:34	11	228	1
0	0	2011-05-31.09:41:38	10	228	1
0	0	2011-05-31.09:41:42	10	229	1
0	0	2011-05-31.09:41:46	9	226	1
0	0	2011-05-31.09:41:50	9	226	1
0	0	2011-05-31.09:41:54	8	226	1
0	0	2011-05-31.09:41:58	7	226	1
0	0	2011-05-31.09:42:02	7	232	1
0	0	2011-05-31.09:42:06	6	230	1
0	0	2011-05-31.09:42:10	6	228	1
0	0	2011-05-31.09:42:14	6	228	1
0	0	2011-05-31.09:42:18	5	228	1
0	0	2011-05-31.09:42:22	5	228	1
0	0	2011-05-31.09:42:26	4	228	1
0	0	2011-05-31.09:42:30	4	228	1
0	0	2011-05-31.09:42:35	4	228	1
0	0	2011-05-31.09:42:39	4	228	1
0	0	2011-05-31.09:42:43	3	228	1
0	0	2011-05-31.09:42:47	3	226	1
0	0	2011-05-31.09:42:51	3	226	1
0	0	2011-05-31.09:42:55	3	226	1
0	0	2011-05-31.09:42:59	2	226	1
0	0	2011-05-31.09:43:03	2	232	1
0	0	2011-05-31.09:43:07	2	228	1
0	0	2011-05-31.09:43:11	2	228	1
0	0	2011-05-31.09:43:15	2	228	1
0	0	2011-05-31.09:43:19	2	228	1
0	0	2011-05-31.09:43:23	2	228	1
0	0	2011-05-31.09:43:27	1	228	1
0	0	2011-05-31.09:43:31	1	228	1
0	0	2011-05-31.09:43:35	1	228	1
0	0	2011-05-31.09:43:39	1	228	1
0	0	2011-05-31.09:43:44	1	228	1
0	0	2011-05-31.09:43:48	1	226	1
0	0	2011-05-31.09:43:52	1	226	1
0	0	2011-05-31.09:43:56	1	226	1
0	0	2011-05-31.09:44:00	1	226	1
0	0	2011-05-31.09:44:04	9	232	1
0	0	2011-05-31.09:44:08	8	228	1
0	0	2011-05-31.09:44:12	7	228	1
0	0	2011-05-31.09:44:16	7	228	1
0	0	2011-05-31.09:44:20	7	228	1
0	0	2011-05-31.09:44:24	6	228	1
0	0	2011-05-31.09:44:28	6	228	1
0	0	2011-05-31.09:44:32	5	228	1
0	0	2011-05-31.09:44:36	5	228	1
0	0	2011-05-31.09:44:40	5	228	1
0	0	2011-05-31.09:44:44	4	228	1
0	0	2011-05-31.09:44:48	4	226	1
0	0	2011-05-31.09:44:52	4	226	1
0	0	2011-05-31.09:44:56	3	226	1
0	0	2011-05-31.09:45:00	3	226	1
0	0	2011-05-31.09:45:04	3	232	1
0	0	2011-05-31.09:45:08	3	228	1
0	0	2011-05-31.09:45:13	2	228	1
0	0	2011-05-31.09:45:17	2	228	1
0	0	2011-05-31.09:45:21	2	228	1
0	0	2011-05-31.09:45:25	2	228	1
0	0	2011-05-31.09:45:29	2	228	1
0	0	2011-05-31.09:45:33	2	228	1
0	0	2011-05-31.09:45:37	2	228	1
0	0	2011-05-31.09:45:41	1	228	1
0	0	2011-05-31.09:45:45	1	226	1
0	0	2011-05-31.09:45:49	1	226	1
0	0	2011-05-31.09:45:54	1	226	1
0	0	2011-05-31.09:45:58	1	226	1
0	0	2011-05-31.09:46:02	1	232	1
0	0	2011-05-31.09:46:06	1	232	1
0	0	2011-05-31.09:46:10	1	228	1
0	0	2011-05-31.09:46:14	1	228	1
0	0	2011-05-31.09:46:18	1	228	1
0	0	2011-05-31.09:46:22	1	228	1
0	0	2011-05-31.09:46:26	0	228	1
0	0	2011-05-31.09:46:30	0	228	1
0	0	2011-05-31.09:46:34	0	228	1
0	0	2011-05-31.09:46:38	0	228	1
0	0	2011-05-31.09:46:42	8	228	1
0	0	2011-05-31.09:46:46	8	226	1
0	0	2011-05-31.09:46:50	8	226	1
0	0	2011-05-31.09:46:54	7	226	1
0	0	2011-05-31.09:46:58	6	226	1
0	0	2011-05-31.09:47:02	6	232	1
0	0	2011-05-31.09:47:06	5	228	1
0	0	2011-05-31.09:47:10	5	228	1
0	0	2011-05-31.09:47:14	5	228	1
0	0	2011-05-31.09:47:18	5	228	1
0	0	2011-05-31.09:47:22	4	228	1
0	0	2011-05-31.09:47:27	4	228	1
0	0	2011-05-31.09:47:31	3	228	1
0	0	2011-05-31.09:47:35	3	228	1
0	0	2011-05-31.09:47:39	3	228	1
0	0	2011-05-31.09:47:43	3	228	1
0	0	2011-05-31.09:47:47	3	226	1
0	0	2011-05-31.09:47:51	2	226	1
0	0	2011-05-31.09:47:55	2	226	1
0	0	2011-05-31.09:47:59	2	226	1
0	0	2011-05-31.09:48:03	2	232	1
0	0	2011-05-31.09:48:07	2	228	1
0	0	2011-05-31.09:48:11	2	228	1
0	0	2011-05-31.09:48:15	2	228	1
0	0	2011-05-31.09:48:19	2	228	1
0	0	2011-05-31.09:48:23	1	228	1
0	0	2011-05-31.09:48:27	1	228	1
0	0	2011-05-31.09:48:31	1	228	1
0	0	2011-05-31.09:48:35	1	228	1
0	0	2011-05-31.09:48:39	1	228	1
0	0	2011-05-31.09:48:43	1	228	1
0	0	2011-05-31.09:48:47	1	226	1
0	0	2011-05-31.09:48:52	1	226	1
0	0	2011-05-31.09:48:56	1	226	1
0	0	2011-05-31.09:49:00	1	226	1
0	0	2011-05-31.09:49:04	1	232	1
0	0	2011-05-31.09:49:08	0	228	1
0	0	2011-05-31.09:49:12	0	228	1
0	0	2011-05-31.09:49:16	0	228	1
0	0	2011-05-31.09:49:20	0	228	1
0	0	2011-05-31.09:49:24	0	228	1
0	0	2011-05-31.09:49:28	0	228	1
0	0	2011-05-31.09:49:32	0	228	1
0	0	2011-05-31.09:49:36	0	228	1
0	0	2011-05-31.09:49:40	0	228	1
0	0	2011-05-31.09:49:44	0	228	1
0	0	2011-05-31.09:49:48	0	226	1
0	0	2011-05-31.09:49:52	0	226	1
0	0	2011-05-31.09:49:56	0	226	1
0	0	2011-05-31.09:50:00	0	226	1
0	0	2011-05-31.09:50:04	0	232	1
0	0	2011-05-31.09:50:08	0	228	1
0	0	2011-05-31.09:50:12	0	228	1
0	0	2011-05-31.09:50:17	0	228	1
0	0	2011-05-31.09:50:21	0	228	1
0	0	2011-05-31.09:50:25	0	228	1
0	0	2011-05-31.09:50:29	0	228	1
0	0	2011-05-31.09:50:33	0	228	1
0	0	2011-05-31.09:50:37	0	228	1
0	0	2011-05-31.09:50:41	0	228	1
0	0	2011-05-31.09:50:45	0	226	1
0	0	2011-05-31.09:50:49	0	226	1
0	0	2011-05-31.09:50:53	0	226	1
0	0	2011-05-31.09:50:57	0	226	1
0	0	2011-05-31.09:51:02	0	232	1
0	0	2011-05-31.09:51:06	0	232	1
0	0	2011-05-31.09:51:10	0	228	1
0	0	2011-05-31.09:51:14	0	228	1
0	0	2011-05-31.09:51:18	0	228	1
0	0	2011-05-31.09:51:22	8	228	1
0	0	2011-05-31.09:51:26	7	228	1
0	0	2011-05-31.09:51:30	7	228	1
0	0	2011-05-31.09:51:34	7	228	1
0	0	2011-05-31.09:51:39	6	228	1
0	0	2011-05-31.09:51:43	6	228	1
0	0	2011-05-31.09:51:47	5	226	1
0	0	2011-05-31.09:51:51	5	226	1
0	0	2011-05-31.09:51:55	5	226	1
0	0	2011-05-31.09:51:59	4	226	1
0	0	2011-05-31.09:52:03	4	232	1
0	0	2011-05-31.09:52:07	4	228	1
0	0	2011-05-31.09:52:11	3	228	1
0	0	2011-05-31.09:52:15	3	228	1
0	0	2011-05-31.09:52:19	3	228	1
0	0	2011-05-31.09:52:23	3	228	1
0	0	2011-05-31.09:52:27	18	228	1
0	0	2011-05-31.09:52:31	17	228	1
0	0	2011-05-31.09:52:35	17	228	1
0	0	2011-05-31.09:52:39	16	228	1
0	0	2011-05-31.09:52:43	14	228	1
0	0	2011-05-31.09:52:47	13	226	1
0	0	2011-05-31.09:52:51	12	226	1
0	0	2011-05-31.09:52:55	11	226	1
0	0	2011-05-31.09:52:59	11	226	1
0	0	2011-05-31.09:53:03	10	232	1
0	0	2011-05-31.09:53:08	17	228	1
0	0	2011-05-31.09:53:12	16	228	1
0	0	2011-05-31.09:53:16	15	228	1
0	0	2011-05-31.09:53:20	15	229	1
0	0	2011-05-31.09:53:24	13	228	1
0	0	2011-05-31.09:53:28	12	228	1
0	0	2011-05-31.09:53:32	11	228	1
0	0	2011-05-31.09:53:36	10	228	1
0	0	2011-05-31.09:53:40	10	228	1
0	0	2011-05-31.09:53:44	10	228	1
0	0	2011-05-31.09:53:48	17	226	1
0	0	2011-05-31.09:53:52	15	226	1
0	0	2011-05-31.09:53:56	14	226	1
0	0	2011-05-31.09:54:00	14	226	1
0	0	2011-05-31.09:54:04	13	232	1
0	0	2011-05-31.09:54:08	12	228	1
0	0	2011-05-31.09:54:12	11	228	1
0	0	2011-05-31.09:54:16	10	228	1
0	0	2011-05-31.09:54:20	9	228	1
0	0	2011-05-31.09:54:24	9	228	1
0	0	2011-05-31.09:54:28	8	228	1
0	0	2011-05-31.09:54:32	8	228	1
0	0	2011-05-31.09:54:36	7	228	1
0	0	2011-05-31.09:54:41	6	228	1
0	0	2011-05-31.09:54:45	6	228	1
0	0	2011-05-31.09:54:49	6	226	1
0	0	2011-05-31.09:54:53	5	226	1
0	0	2011-05-31.09:54:57	5	226	1
0	0	2011-05-31.09:55:01	5	226	1
0	0	2011-05-31.09:55:05	5	232	1
0	0	2011-05-31.09:55:09	4	228	1
0	0	2011-05-31.09:55:13	4	228	1
0	0	2011-05-31.09:55:17	4	228	1
0	0	2011-05-31.09:55:21	3	228	1
0	0	2011-05-31.09:55:25	3	228	1
0	0	2011-05-31.09:55:29	3	228	1
0	0	2011-05-31.09:55:34	3	228	1
0	0	2011-05-31.09:55:38	2	228	1
0	0	2011-05-31.09:55:42	2	228	1
0	0	2011-05-31.09:55:46	2	226	1
0	0	2011-05-31.09:55:50	2	226	1
0	0	2011-05-31.09:55:54	2	226	1
0	0	2011-05-31.09:55:58	2	226	1
0	0	2011-05-31.09:56:02	2	232	1
0	0	2011-05-31.09:56:06	1	232	1
0	0	2011-05-31.09:56:10	1	228	1
0	0	2011-05-31.09:56:14	1	228	1
0	0	2011-05-31.09:56:18	1	228	1
0	0	2011-05-31.09:56:22	1	228	1
0	0	2011-05-31.09:56:26	1	228	1
0	0	2011-05-31.09:56:30	1	228	1
0	0	2011-05-31.09:56:34	1	228	1
0	0	2011-05-31.09:56:38	1	228	1
0	0	2011-05-31.09:56:42	1	228	1
0	0	2011-05-31.09:56:46	1	226	1
0	0	2011-05-31.09:56:50	0	226	1
0	0	2011-05-31.09:56:54	0	226	1
0	0	2011-05-31.09:56:59	0	226	1
0	0	2011-05-31.09:57:03	0	232	1
0	0	2011-05-31.09:57:07	0	228	1
0	0	2011-05-31.09:57:11	0	228	1
0	0	2011-05-31.09:57:15	0	228	1
0	0	2011-05-31.09:57:19	0	228	1
0	0	2011-05-31.09:57:23	0	228	1
0	0	2011-05-31.09:57:27	0	228	1
0	0	2011-05-31.09:57:31	0	228	1
0	0	2011-05-31.09:57:35	0	228	1
0	0	2011-05-31.09:57:39	0	228	1
0	0	2011-05-31.09:57:43	0	228	1
0	0	2011-05-31.09:57:47	0	226	1
0	0	2011-05-31.09:57:51	8	226	1
0	0	2011-05-31.09:57:55	8	226	1
0	0	2011-05-31.09:57:59	7	226	1
0	0	2011-05-31.09:58:03	7	232	1
0	0	2011-05-31.09:58:07	6	228	1
0	0	2011-05-31.09:58:11	14	228	1
0	0	2011-05-31.09:58:15	12	228	1
0	0	2011-05-31.09:58:19	12	228	1
0	0	2011-05-31.09:58:23	11	228	1
0	0	2011-05-31.09:58:27	11	228	1
0	0	2011-05-31.09:58:31	10	228	1
0	0	2011-05-31.09:58:36	9	228	1
0	0	2011-05-31.09:58:40	9	228	1
0	0	2011-05-31.09:58:44	8	228	1
0	0	2011-05-31.09:58:48	7	226	1
0	0	2011-05-31.09:58:52	7	226	1
0	0	2011-05-31.09:58:56	6	226	1
0	0	2011-05-31.09:59:00	6	226	1
0	0	2011-05-31.09:59:04	6	232	1
0	0	2011-05-31.09:59:08	5	228	1
0	0	2011-05-31.09:59:12	5	228	1
0	0	2011-05-31.09:59:16	4	228	1
0	0	2011-05-31.09:59:20	4	228	1
0	0	2011-05-31.09:59:24	4	228	1
0	0	2011-05-31.09:59:28	4	228	1
0	0	2011-05-31.09:59:32	3	228	1
0	0	2011-05-31.09:59:36	3	228	1
0	0	2011-05-31.09:59:40	3	228	1
0	0	2011-05-31.09:59:44	11	228	1
0	0	2011-05-31.09:59:48	10	226	1
0	0	2011-05-31.09:59:52	9	226	1
0	0	2011-05-31.09:59:56	8	226	1
0	0	2011-05-31.10:00:00	8	226	1
0	0	2011-05-31.10:00:05	8	232	1
0	0	2011-05-31.10:00:09	7	228	1
0	0	2011-05-31.10:00:13	6	228	1
0	0	2011-05-31.10:00:17	6	228	1
0	0	2011-05-31.10:00:21	5	228	1
0	0	2011-05-31.10:00:25	5	228	1
0	0	2011-05-31.10:00:29	5	228	1
0	0	2011-05-31.10:00:33	5	228	1
0	0	2011-05-31.10:00:37	4	228	1
0	0	2011-05-31.10:00:42	4	228	1
0	0	2011-05-31.10:00:46	3	226	1
0	0	2011-05-31.10:00:50	3	226	1
0	0	2011-05-31.10:00:54	3	226	1
0	0	2011-05-31.10:00:58	3	226	1
0	0	2011-05-31.10:01:02	3	232	1
0	0	2011-05-31.10:01:06	2	232	1
0	0	2011-05-31.10:01:10	2	228	1
0	0	2011-05-31.10:01:14	2	228	1
0	0	2011-05-31.10:01:18	2	228	1
0	0	2011-05-31.10:01:22	2	228	1
0	0	2011-05-31.10:01:26	2	228	1
0	0	2011-05-31.10:01:30	2	228	1
0	0	2011-05-31.10:01:34	2	228	1
0	0	2011-05-31.10:01:38	1	228	1
0	0	2011-05-31.10:01:42	1	228	1
0	0	2011-05-31.10:01:46	1	226	1
0	0	2011-05-31.10:01:50	1	226	1
0	0	2011-05-31.10:01:54	1	226	1
0	0	2011-05-31.10:01:58	1	226	1
0	0	2011-05-31.10:02:02	1	232	1
0	0	2011-05-31.10:02:06	1	228	1
0	0	2011-05-31.10:02:10	1	228	1
0	0	2011-05-31.10:02:15	1	228	1
0	0	2011-05-31.10:02:19	1	228	1
0	0	2011-05-31.10:02:23	0	228	1
0	0	2011-05-31.10:02:27	0	228	1
0	0	2011-05-31.10:02:31	0	228	1
0	0	2011-05-31.10:02:35	0	228	1
0	0	2011-05-31.10:02:39	0	228	1
0	0	2011-05-31.10:02:43	0	228	1
0	0	2011-05-31.10:02:47	0	226	1
0	0	2011-05-31.10:02:51	0	226	1
0	0	2011-05-31.10:02:55	0	226	1
0	0	2011-05-31.10:02:59	0	226	1
0	0	2011-05-31.10:03:03	0	232	1
0	0	2011-05-31.10:03:07	0	228	1
0	0	2011-05-31.10:03:11	0	228	1
0	0	2011-05-31.10:03:15	0	228	1
0	0	2011-05-31.10:03:19	0	228	1
0	0	2011-05-31.10:03:23	0	228	1
0	0	2011-05-31.10:03:27	8	228	1
0	0	2011-05-31.10:03:31	7	228	1
0	0	2011-05-31.10:03:35	7	228	1
0	0	2011-05-31.10:03:39	7	228	1
0	0	2011-05-31.10:03:44	6	228	1
0	0	2011-05-31.10:03:48	6	226	1
0	0	2011-05-31.10:03:52	5	226	1
0	0	2011-05-31.10:03:56	13	226	1
0	0	2011-05-31.10:04:00	13	226	1
0	0	2011-05-31.10:04:04	12	232	1
0	0	2011-05-31.10:04:08	11	228	1
0	0	2011-05-31.10:04:12	10	228	1
0	0	2011-05-31.10:04:16	9	228	1
0	0	2011-05-31.10:04:20	9	228	1
0	0	2011-05-31.10:04:24	8	228	1
0	0	2011-05-31.10:04:28	8	228	1
0	0	2011-05-31.10:04:32	7	228	1
0	0	2011-05-31.10:04:36	6	228	1
0	0	2011-05-31.10:04:40	6	228	1
0	0	2011-05-31.10:04:44	6	228	1
0	0	2011-05-31.10:04:48	5	226	1
0	0	2011-05-31.10:04:52	5	226	1
0	0	2011-05-31.10:04:56	4	226	1
0	0	2011-05-31.10:05:00	4	226	1
0	0	2011-05-31.10:05:04	4	232	1
0	0	2011-05-31.10:05:08	4	228	1
0	0	2011-05-31.10:05:12	3	228	1
0	0	2011-05-31.10:05:17	3	228	1
0	0	2011-05-31.10:05:21	3	228	1
0	0	2011-05-31.10:05:25	3	228	1
0	0	2011-05-31.10:05:29	3	228	1
0	0	2011-05-31.10:05:33	2	228	1
0	0	2011-05-31.10:05:37	2	228	1
0	0	2011-05-31.10:05:41	2	228	1
0	0	2011-05-31.10:05:45	2	228	1
0	0	2011-05-31.10:05:49	2	226	1
0	0	2011-05-31.10:05:53	2	226	1
0	0	2011-05-31.10:05:57	1	226	1
0	0	2011-05-31.10:06:01	1	226	1
0	0	2011-05-31.10:06:05	1	232	1
0	0	2011-05-31.10:06:09	1	228	1
0	0	2011-05-31.10:06:13	1	228	1
0	0	2011-05-31.10:06:17	17	228	1
0	0	2011-05-31.10:06:21	16	228	1
0	0	2011-05-31.10:06:25	16	228	1
0	0	2011-05-31.10:06:29	14	228	1
0	0	2011-05-31.10:06:33	13	228	1
0	0	2011-05-31.10:06:37	12	228	1
0	0	2011-05-31.10:06:41	11	228	1
0	0	2011-05-31.10:06:45	10	226	1
0	0	2011-05-31.10:06:50	10	226	1
0	0	2011-05-31.10:06:54	9	226	1
0	0	2011-05-31.10:06:58	9	226	1
0	0	2011-05-31.10:07:02	8	232	1
0	0	2011-05-31.10:07:06	7	232	1
0	0	2011-05-31.10:07:10	7	228	1
0	0	2011-05-31.10:07:14	7	228	1
0	0	2011-05-31.10:07:18	6	228	1
0	0	2011-05-31.10:07:22	6	228	1
0	0	2011-05-31.10:07:26	5	228	1
0	0	2011-05-31.10:07:30	5	228	1
0	0	2011-05-31.10:07:35	5	228	1
0	0	2011-05-31.10:07:39	4	228	1
0	0	2011-05-31.10:07:43	4	228	1
0	0	2011-05-31.10:07:47	4	226	1
0	0	2011-05-31.10:07:51	3	226	1
0	0	2011-05-31.10:07:55	3	226	1
0	0	2011-05-31.10:07:59	3	226	1
0	0	2011-05-31.10:08:03	3	232	1
0	0	2011-05-31.10:08:07	2	228	1
0	0	2011-05-31.10:08:11	2	228	1
0	0	2011-05-31.10:08:15	2	228	1
0	0	2011-05-31.10:08:19	2	228	1
0	0	2011-05-31.10:08:23	2	228	1
0	0	2011-05-31.10:08:27	2	228	1
0	0	2011-05-31.10:08:31	2	228	1
0	0	2011-05-31.10:08:35	2	228	1
0	0	2011-05-31.10:08:39	17	228	1
0	0	2011-05-31.10:08:43	16	228	1
0	0	2011-05-31.10:08:47	15	226	1
0	0	2011-05-31.10:08:51	13	226	1
0	0	2011-05-31.10:08:56	12	226	1
0	0	2011-05-31.10:09:00	12	226	1
0	0	2011-05-31.10:09:04	11	232	1
0	0	2011-05-31.10:09:08	10	228	1
0	0	2011-05-31.10:09:12	10	228	1
0	0	2011-05-31.10:09:16	9	228	1
0	0	2011-05-31.10:09:20	8	228	1
0	0	2011-05-31.10:09:24	8	228	1
0	0	2011-05-31.10:09:28	7	228	1
0	0	2011-05-31.10:09:32	7	228	1
0	0	2011-05-31.10:09:37	6	228	1
0	0	2011-05-31.10:09:41	6	228	1
0	0	2011-05-31.10:09:45	6	228	1
0	0	2011-05-31.10:09:49	5	226	1
0	0	2011-05-31.10:09:53	5	226	1
0	0	2011-05-31.10:09:57	4	226	1
0	0	2011-05-31.10:10:01	4	226	1
0	0	2011-05-31.10:10:05	4	232	1
0	0	2011-05-31.10:10:09	4	228	1
0	0	2011-05-31.10:10:13	3	228	1
0	0	2011-05-31.10:10:17	3	228	1
0	0	2011-05-31.10:10:21	3	228	1
0	0	2011-05-31.10:10:25	3	228	1
0	0	2011-05-31.10:10:29	2	228	1
0	0	2011-05-31.10:10:33	2	228	1
0	0	2011-05-31.10:10:37	2	228	1
0	0	2011-05-31.10:10:41	2	228	1
0	0	2011-05-31.10:10:45	2	226	1
0	0	2011-05-31.10:10:49	2	226	1
0	0	2011-05-31.10:10:53	2	226	1
0	0	2011-05-31.10:10:57	1	226	1
0	0	2011-05-31.10:11:01	1	234	1
0	0	2011-05-31.10:11:06	1	232	1
0	0	2011-05-31.10:11:10	1	228	1
0	0	2011-05-31.10:11:14	1	228	1
0	0	2011-05-31.10:11:18	1	228	1
0	0	2011-05-31.10:11:22	1	228	1
0	0	2011-05-31.10:11:26	1	228	1
0	0	2011-05-31.10:11:30	1	228	1
0	0	2011-05-31.10:11:34	1	228	1
0	0	2011-05-31.10:11:38	1	228	1
0	0	2011-05-31.10:11:42	0	228	1
0	0	2011-05-31.10:11:46	0	226	1
0	0	2011-05-31.10:11:50	0	226	1
0	0	2011-05-31.10:11:54	0	226	1
0	0	2011-05-31.10:11:58	0	226	1
0	0	2011-05-31.10:12:02	0	232	1
0	0	2011-05-31.10:12:06	0	232	1
0	0	2011-05-31.10:12:10	0	228	1
0	0	2011-05-31.10:12:14	0	228	1
0	0	2011-05-31.10:12:18	0	228	1
0	0	2011-05-31.10:12:22	8	228	1
0	0	2011-05-31.10:12:26	7	228	1
0	0	2011-05-31.10:12:30	7	228	1
0	0	2011-05-31.10:12:34	7	228	1
0	0	2011-05-31.10:12:39	6	228	1
0	0	2011-05-31.10:12:43	6	228	1
0	0	2011-05-31.10:12:47	5	226	1
0	0	2011-05-31.10:12:51	5	226	1
0	0	2011-05-31.10:12:55	5	226	1
0	0	2011-05-31.10:12:59	4	226	1
0	0	2011-05-31.10:13:03	4	232	1
0	0	2011-05-31.10:13:07	4	228	1
0	0	2011-05-31.10:13:11	11	228	1
0	0	2011-05-31.10:13:15	11	228	1
0	0	2011-05-31.10:13:19	10	228	1
0	0	2011-05-31.10:13:23	10	228	1
0	0	2011-05-31.10:13:27	9	228	1
0	0	2011-05-31.10:13:31	8	228	1
0	0	2011-05-31.10:13:35	8	228	1
0	0	2011-05-31.10:13:39	7	228	1
0	0	2011-05-31.10:13:43	7	228	1
0	0	2011-05-31.10:13:47	6	226	1
0	0	2011-05-31.10:13:51	6	226	1
0	0	2011-05-31.10:13:55	5	226	1
0	0	2011-05-31.10:13:59	5	226	1
0	0	2011-05-31.10:14:03	5	232	1
0	0	2011-05-31.10:14:07	4	228	1
0	0	2011-05-31.10:14:12	4	228	1
0	0	2011-05-31.10:14:16	4	228	1
0	0	2011-05-31.10:14:20	4	228	1
0	0	2011-05-31.10:14:24	3	228	1
0	0	2011-05-31.10:14:28	3	228	1
0	0	2011-05-31.10:14:32	3	228	1
0	0	2011-05-31.10:14:36	2	228	1
0	0	2011-05-31.10:14:40	2	228	1
0	0	2011-05-31.10:14:44	2	228	1
0	0	2011-05-31.10:14:48	2	226	1
0	0	2011-05-31.10:14:52	2	226	1
0	0	2011-05-31.10:14:56	2	226	1
0	0	2011-05-31.10:15:00	2	226	1
0	0	2011-05-31.10:15:04	2	232	1
0	0	2011-05-31.10:15:08	1	228	1
0	0	2011-05-31.10:15:12	1	228	1
0	0	2011-05-31.10:15:16	1	228	1
0	0	2011-05-31.10:15:20	1	228	1
0	0	2011-05-31.10:15:24	9	228	1
0	0	2011-05-31.10:15:28	8	228	1
0	0	2011-05-31.10:15:32	8	228	1
0	0	2011-05-31.10:15:36	7	228	1
0	0	2011-05-31.10:15:41	6	228	1
0	0	2011-05-31.10:15:45	6	228	1
0	0	2011-05-31.10:15:49	6	226	1
0	0	2011-05-31.10:15:53	5	226	1
0	0	2011-05-31.10:15:57	5	226	1
0	0	2011-05-31.10:16:01	4	234	1
0	0	2011-05-31.10:16:05	4	232	1
0	0	2011-05-31.10:16:09	4	228	1
0	0	2011-05-31.10:16:13	4	228	1
0	0	2011-05-31.10:16:17	3	228	1
0	0	2011-05-31.10:16:21	3	228	1
0	0	2011-05-31.10:16:25	3	228	1
0	0	2011-05-31.10:16:29	3	228	1
0	0	2011-05-31.10:16:33	3	228	1
0	0	2011-05-31.10:16:37	2	228	1
0	0	2011-05-31.10:16:41	18	228	1
0	0	2011-05-31.10:16:45	18	226	1
0	0	2011-05-31.10:16:49	17	226	1
0	0	2011-05-31.10:16:53	15	226	1
0	0	2011-05-31.10:16:57	14	226	1
0	0	2011-05-31.10:17:01	13	232	1
0	0	2011-05-31.10:17:05	12	232	1
0	0	2011-05-31.10:17:09	12	228	1
0	0	2011-05-31.10:17:14	11	228	1
0	0	2011-05-31.10:17:18	10	228	1
0	0	2011-05-31.10:17:22	9	228	1
0	0	2011-05-31.10:17:26	8	228	1
0	0	2011-05-31.10:17:30	8	228	1
0	0	2011-05-31.10:17:34	8	228	1
0	0	2011-05-31.10:17:38	7	228	1
0	0	2011-05-31.10:17:42	6	228	1
0	0	2011-05-31.10:17:46	6	226	1
0	0	2011-05-31.10:17:50	6	226	1
0	0	2011-05-31.10:17:54	5	226	1
0	0	2011-05-31.10:17:58	5	226	1
0	0	2011-05-31.10:18:02	5	232	1
0	0	2011-05-31.10:18:06	4	228	1
0	0	2011-05-31.10:18:10	4	228	1
0	0	2011-05-31.10:18:14	4	228	1
0	0	2011-05-31.10:18:18	4	228	1
0	0	2011-05-31.10:18:22	3	228	1
0	0	2011-05-31.10:18:27	3	228	1
0	0	2011-05-31.10:18:31	3	228	1
0	0	2011-05-31.10:18:35	3	228	1
0	0	2011-05-31.10:18:39	2	228	1
0	0	2011-05-31.10:18:43	2	228	1
0	0	2011-05-31.10:18:47	2	226	1
0	0	2011-05-31.10:18:51	2	226	1
0	0	2011-05-31.10:18:55	2	226	1
0	0	2011-05-31.10:18:59	2	226	1
0	0	2011-05-31.10:19:03	2	232	1
0	0	2011-05-31.10:19:07	1	228	1
0	0	2011-05-31.10:19:11	1	228	1
0	0	2011-05-31.10:19:15	1	228	1
0	0	2011-05-31.10:19:19	1	228	1
0	0	2011-05-31.10:19:23	1	228	1
0	0	2011-05-31.10:19:28	1	228	1
0	0	2011-05-31.10:19:32	1	228	1
0	0	2011-05-31.10:19:36	1	228	1
0	0	2011-05-31.10:19:40	1	228	1
0	0	2011-05-31.10:19:44	1	228	1
0	0	2011-05-31.10:19:48	1	226	1
0	0	2011-05-31.10:19:52	0	226	1
0	0	2011-05-31.10:19:56	0	226	1
0	0	2011-05-31.10:20:00	0	226	1
0	0	2011-05-31.10:20:04	0	232	1
0	0	2011-05-31.10:20:08	0	228	1
0	0	2011-05-31.10:20:12	0	228	1
0	0	2011-05-31.10:20:16	0	228	1
0	0	2011-05-31.10:20:20	0	228	1
0	0	2011-05-31.10:20:25	0	228	1
0	0	2011-05-31.10:20:29	0	228	1
0	0	2011-05-31.10:20:33	0	228	1
0	0	2011-05-31.10:20:37	0	228	1
0	0	2011-05-31.10:20:41	0	228	1
0	0	2011-05-31.10:20:45	0	226	1
0	0	2011-05-31.10:20:49	0	226	1
0	0	2011-05-31.10:20:53	0	226	1
0	0	2011-05-31.10:20:57	0	226	1
0	0	2011-05-31.10:21:01	0	232	1
0	0	2011-05-31.10:21:05	0	232	1
0	0	2011-05-31.10:21:09	0	228	1
0	0	2011-05-31.10:21:13	0	228	1
0	0	2011-05-31.10:21:17	0	228	1
0	0	2011-05-31.10:21:22	0	228	1
0	0	2011-05-31.10:21:26	0	228	1
0	0	2011-05-31.10:21:30	0	228	1
0	0	2011-05-31.10:21:34	0	228	1
0	0	2011-05-31.10:21:38	0	228	1
0	0	2011-05-31.10:21:42	0	228	1
0	0	2011-05-31.10:21:46	0	226	1
0	0	2011-05-31.10:21:50	0	226	1
0	0	2011-05-31.10:21:54	0	226	1
0	0	2011-05-31.10:21:58	0	226	1
0	0	2011-05-31.10:22:02	0	232	1
0	0	2011-05-31.10:22:06	0	230	1
0	0	2011-05-31.10:22:10	0	228	1
0	0	2011-05-31.10:22:14	0	228	1
0	0	2011-05-31.10:22:18	0	228	1
0	0	2011-05-31.10:22:22	0	228	1
0	0	2011-05-31.10:22:27	0	228	1
0	0	2011-05-31.10:22:31	0	228	1
0	0	2011-05-31.10:22:35	0	228	1
0	0	2011-05-31.10:22:39	0	228	1
0	0	2011-05-31.10:22:43	0	228	1
0	0	2011-05-31.10:22:47	0	226	1
0	0	2011-05-31.10:22:51	0	226	1
0	0	2011-05-31.10:22:55	0	226	1
0	0	2011-05-31.10:22:59	0	226	1
0	0	2011-05-31.10:23:03	0	232	1
0	0	2011-05-31.10:23:07	0	228	1
0	0	2011-05-31.10:23:11	0	228	1
0	0	2011-05-31.10:23:15	0	228	1
0	0	2011-05-31.10:23:19	0	228	1
0	0	2011-05-31.10:23:23	0	228	1
0	0	2011-05-31.10:23:27	0	228	1
0	0	2011-05-31.10:23:31	0	228	1
0	0	2011-05-31.10:23:36	0	228	1
0	0	2011-05-31.10:23:40	0	228	1
0	0	2011-05-31.10:23:44	0	228	1
0	0	2011-05-31.10:23:48	0	226	1
0	0	2011-05-31.10:23:52	0	226	1
0	0	2011-05-31.10:23:56	0	226	1
0	0	2011-05-31.10:24:00	0	226	1
0	0	2011-05-31.10:24:04	0	232	1
0	0	2011-05-31.10:24:08	0	228	1
0	0	2011-05-31.10:24:12	0	228	1
0	0	2011-05-31.10:24:16	0	228	1
0	0	2011-05-31.10:24:20	0	228	1
0	0	2011-05-31.10:24:24	0	228	1
0	0	2011-05-31.10:24:28	0	228	1
0	0	2011-05-31.10:24:32	0	228	1
0	0	2011-05-31.10:24:36	0	228	1
0	0	2011-05-31.10:24:40	0	228	1
0	0	2011-05-31.10:24:44	0	228	1
0	0	2011-05-31.10:24:48	0	226	1
0	0	2011-05-31.10:24:52	0	226	1
0	0	2011-05-31.10:24:56	0	226	1
0	0	2011-05-31.10:25:00	0	226	1
0	0	2011-05-31.10:25:05	0	232	1
0	0	2011-05-31.10:25:09	0	228	1
0	0	2011-05-31.10:25:13	0	228	1
0	0	2011-05-31.10:25:17	8	228	1
0	0	2011-05-31.10:25:21	7	228	1
0	0	2011-05-31.10:25:25	7	228	1
0	0	2011-05-31.10:25:29	7	228	1
0	0	2011-05-31.10:25:33	6	228	1
0	0	2011-05-31.10:25:37	6	228	1
0	0	2011-05-31.10:25:41	5	228	1
0	0	2011-05-31.10:25:45	5	228	1
0	0	2011-05-31.10:25:49	5	226	1
0	0	2011-05-31.10:25:53	4	226	1
0	0	2011-05-31.10:25:57	4	226	1
0	0	2011-05-31.10:26:01	4	232	1
0	0	2011-05-31.10:26:06	3	232	1
0	0	2011-05-31.10:26:10	3	228	1
0	0	2011-05-31.10:26:14	3	228	1
0	0	2011-05-31.10:26:18	3	228	1
0	0	2011-05-31.10:26:22	2	228	1
0	0	2011-05-31.10:26:26	2	228	1
0	0	2011-05-31.10:26:30	2	228	1
0	0	2011-05-31.10:26:34	2	228	1
0	0	2011-05-31.10:26:38	2	228	1
0	0	2011-05-31.10:26:42	2	228	1
0	0	2011-05-31.10:26:46	2	226	1
0	0	2011-05-31.10:26:50	2	226	1
0	0	2011-05-31.10:26:54	1	226	1
0	0	2011-05-31.10:26:58	1	226	1
0	0	2011-05-31.10:27:02	1	232	1
0	0	2011-05-31.10:27:06	1	228	1
0	0	2011-05-31.10:27:10	1	228	1
0	0	2011-05-31.10:27:15	1	228	1
0	0	2011-05-31.10:27:19	1	228	1
0	0	2011-05-31.10:27:23	1	228	1
0	0	2011-05-31.10:27:27	1	228	1
0	0	2011-05-31.10:27:31	1	228	1
0	0	2011-05-31.10:27:35	1	228	1
0	0	2011-05-31.10:27:39	0	228	1
0	0	2011-05-31.10:27:43	0	228	1
0	0	2011-05-31.10:27:47	0	226	1
0	0	2011-05-31.10:27:51	0	226	1
0	0	2011-05-31.10:27:55	0	226	1
0	0	2011-05-31.10:27:59	0	226	1
0	0	2011-05-31.10:28:03	0	232	1
0	0	2011-05-31.10:28:07	0	228	1
0	0	2011-05-31.10:28:11	0	228	1
0	0	2011-05-31.10:28:15	0	228	1
0	0	2011-05-31.10:28:19	0	228	1
0	0	2011-05-31.10:28:23	0	228	1
0	0	2011-05-31.10:28:27	0	228	1
0	0	2011-05-31.10:28:31	0	228	1
0	0	2011-05-31.10:28:35	0	228	1
0	0	2011-05-31.10:28:39	0	228	1
0	0	2011-05-31.10:28:44	0	228	1
0	0	2011-05-31.10:28:48	0	226	1
0	0	2011-05-31.10:28:52	0	226	1
0	0	2011-05-31.10:28:56	0	226	1
0	0	2011-05-31.10:29:00	0	226	1
0	0	2011-05-31.10:29:04	0	234	1
0	0	2011-05-31.10:29:08	0	228	1
0	0	2011-05-31.10:29:12	0	228	1
0	0	2011-05-31.10:29:16	0	228	1
0	0	2011-05-31.10:29:20	0	228	1
0	0	2011-05-31.10:29:25	0	228	1
0	0	2011-05-31.10:29:30	7	228	1
0	0	2011-05-31.10:29:35	7	228	1
0	0	2011-05-31.10:29:39	7	228	1
0	0	2011-05-31.10:29:44	6	228	1
0	0	2011-05-31.10:29:48	6	226	1
0	0	2011-05-31.10:29:52	5	226	1
0	0	2011-05-31.10:29:56	5	226	1
0	0	2011-05-31.10:30:00	4	226	1
0	0	2011-05-31.10:30:05	4	232	1
0	0	2011-05-31.10:30:09	4	228	1
0	0	2011-05-31.10:30:13	4	228	1
0	0	2011-05-31.10:30:17	3	228	1
0	0	2011-05-31.10:30:21	3	228	1
0	0	2011-05-31.10:30:25	3	228	1
0	0	2011-05-31.10:30:29	3	228	1
0	0	2011-05-31.10:30:33	2	228	1
0	0	2011-05-31.10:30:37	2	228	1
0	0	2011-05-31.10:30:41	2	228	1
0	0	2011-05-31.10:30:45	2	228	1
0	0	2011-05-31.10:30:49	2	226	1
0	0	2011-05-31.10:30:53	2	226	1
0	0	2011-05-31.10:30:57	2	226	1
0	0	2011-05-31.10:31:01	1	226	1
0	0	2011-05-31.10:31:05	1	232	1
0	0	2011-05-31.10:31:09	1	228	1
0	0	2011-05-31.10:31:13	1	228	1
0	0	2011-05-31.10:31:17	1	228	1
0	0	2011-05-31.10:31:21	1	228	1
0	0	2011-05-31.10:31:25	1	228	1
0	0	2011-05-31.10:31:29	1	228	1
0	0	2011-05-31.10:31:33	1	228	1
0	0	2011-05-31.10:31:38	9	228	1
0	0	2011-05-31.10:31:42	8	228	1
0	0	2011-05-31.10:31:46	7	226	1
0	0	2011-05-31.10:31:50	7	226	1
0	0	2011-05-31.10:31:54	7	226	1
0	0	2011-05-31.10:31:58	6	226	1
0	0	2011-05-31.10:32:02	6	232	1
0	0	2011-05-31.10:32:06	5	232	1
0	0	2011-05-31.10:32:10	5	228	1
0	0	2011-05-31.10:32:14	5	228	1
0	0	2011-05-31.10:32:18	4	228	1
0	0	2011-05-31.10:32:22	4	228	1
0	0	2011-05-31.10:32:26	4	228	1
0	0	2011-05-31.10:32:30	4	228	1
0	0	2011-05-31.10:32:34	3	228	1
0	0	2011-05-31.10:32:38	3	228	1
0	0	2011-05-31.10:32:42	19	228	1
0	0	2011-05-31.10:32:46	17	226	1
0	0	2011-05-31.10:32:51	16	226	1
0	0	2011-05-31.10:32:55	16	226	1
0	0	2011-05-31.10:32:59	15	226	1
0	0	2011-05-31.10:33:03	13	232	1
0	0	2011-05-31.10:33:08	12	228	1
0	0	2011-05-31.10:33:12	11	228	1
0	0	2011-05-31.10:33:17	10	228	1
0	0	2011-05-31.10:33:21	10	228	1
0	0	2011-05-31.10:33:25	10	228	1
0	0	2011-05-31.10:33:29	9	228	1
0	0	2011-05-31.10:33:33	8	228	1
0	0	2011-05-31.10:33:37	7	228	1
0	0	2011-05-31.10:33:41	7	228	1
0	0	2011-05-31.10:33:45	22	228	1
0	0	2011-05-31.10:33:49	22	226	1
0	0	2011-05-31.10:33:53	20	226	1
0	0	2011-05-31.10:33:57	19	226	1
0	0	2011-05-31.10:34:02	17	232	1
0	0	2011-05-31.10:34:06	16	232	1
0	0	2011-05-31.10:34:10	16	228	1
0	0	2011-05-31.10:34:14	14	228	1
0	0	2011-05-31.10:34:18	13	228	1
0	0	2011-05-31.10:34:22	12	228	1
0	0	2011-05-31.10:34:26	11	228	1
0	0	2011-05-31.10:34:30	11	228	1
0	0	2011-05-31.10:34:34	10	228	1
0	0	2011-05-31.10:34:38	9	228	1
0	0	2011-05-31.10:34:42	9	228	1
0	0	2011-05-31.10:34:46	8	226	1
0	0	2011-05-31.10:34:50	8	226	1
0	0	2011-05-31.10:34:54	7	226	1
0	0	2011-05-31.10:34:58	7	226	1
0	0	2011-05-31.10:35:02	6	232	1
0	0	2011-05-31.10:35:06	6	228	1
0	0	2011-05-31.10:35:10	6	228	1
0	0	2011-05-31.10:35:14	5	228	1
0	0	2011-05-31.10:35:18	5	228	1
0	0	2011-05-31.10:35:23	4	228	1
0	0	2011-05-31.10:35:27	4	228	1
0	0	2011-05-31.10:35:31	4	228	1
0	0	2011-05-31.10:35:35	4	228	1
0	0	2011-05-31.10:35:39	3	228	1
0	0	2011-05-31.10:35:43	3	228	1
0	0	2011-05-31.10:35:47	3	226	1
0	0	2011-05-31.10:35:51	2	226	1
0	0	2011-05-31.10:35:55	2	226	1
0	0	2011-05-31.10:35:59	10	226	1
0	0	2011-05-31.10:36:03	9	232	1
0	0	2011-05-31.10:36:07	9	228	1
0	0	2011-05-31.10:36:12	8	228	1
0	0	2011-05-31.10:36:16	7	228	1
0	0	2011-05-31.10:36:20	7	228	1
0	0	2011-05-31.10:36:24	7	228	1
0	0	2011-05-31.10:36:28	6	228	1
0	0	2011-05-31.10:36:32	6	228	1
0	0	2011-05-31.10:36:36	5	228	1
0	0	2011-05-31.10:36:40	5	228	1
0	0	2011-05-31.10:36:44	5	228	1
0	0	2011-05-31.10:36:48	4	226	1
0	0	2011-05-31.10:36:52	4	226	1
0	0	2011-05-31.10:36:56	4	226	1
0	0	2011-05-31.10:37:01	3	226	1
0	0	2011-05-31.10:37:05	3	232	1
0	0	2011-05-31.10:37:09	19	228	1
0	0	2011-05-31.10:37:13	17	228	1
0	0	2011-05-31.10:37:17	16	228	1
0	0	2011-05-31.10:37:21	15	228	1
0	0	2011-05-31.10:37:25	15	228	1
0	0	2011-05-31.10:37:29	13	228	1
0	0	2011-05-31.10:37:33	12	228	1
0	0	2011-05-31.10:37:37	11	228	1
0	0	2011-05-31.10:37:41	10	228	1
0	0	2011-05-31.10:37:45	10	226	1
0	0	2011-05-31.10:37:49	10	226	1
0	0	2011-05-31.10:37:53	9	226	1
0	0	2011-05-31.10:37:58	8	226	1
0	0	2011-05-31.10:38:02	7	232	1
0	0	2011-05-31.10:38:06	7	230	1
0	0	2011-05-31.10:38:10	7	228	1
0	0	2011-05-31.10:38:14	6	228	1
0	0	2011-05-31.10:38:18	6	228	1
0	0	2011-05-31.10:38:22	5	228	1
0	0	2011-05-31.10:38:26	5	228	1
0	0	2011-05-31.10:38:30	5	228	1
0	0	2011-05-31.10:38:34	4	228	1
0	0	2011-05-31.10:38:38	4	228	1
0	0	2011-05-31.10:38:42	4	228	1
0	0	2011-05-31.10:38:46	3	226	1
0	0	2011-05-31.10:38:50	3	226	1
0	0	2011-05-31.10:38:55	3	226	1
0	0	2011-05-31.10:38:59	3	226	1
0	0	2011-05-31.10:39:03	2	232	1
0	0	2011-05-31.10:39:07	2	228	1
0	0	2011-05-31.10:39:11	2	228	1
0	0	2011-05-31.10:39:15	2	228	1
0	0	2011-05-31.10:39:19	2	228	1
0	0	2011-05-31.10:39:23	2	228	1
0	0	2011-05-31.10:39:27	2	228	1
0	0	2011-05-31.10:39:31	1	228	1
0	0	2011-05-31.10:39:35	1	228	1
0	0	2011-05-31.10:39:39	1	228	1
0	0	2011-05-31.10:39:43	1	228	1
0	0	2011-05-31.10:39:47	1	226	1
0	0	2011-05-31.10:39:51	1	226	1
0	0	2011-05-31.10:39:55	1	226	1
0	0	2011-05-31.10:39:59	1	226	1
0	0	2011-05-31.10:40:03	1	232	1
0	0	2011-05-31.10:40:07	1	228	1
0	0	2011-05-31.10:40:11	1	228	1
0	0	2011-05-31.10:40:15	0	228	1
0	0	2011-05-31.10:40:19	0	228	1
0	0	2011-05-31.10:40:24	0	228	1
0	0	2011-05-31.10:40:28	0	228	1
0	0	2011-05-31.10:40:32	0	228	1
0	0	2011-05-31.10:40:36	0	229	1
0	0	2011-05-31.10:40:40	0	228	1
0	0	2011-05-31.10:40:44	0	228	1
0	0	2011-05-31.10:40:48	0	226	1
0	0	2011-05-31.10:40:52	0	226	1
0	0	2011-05-31.10:40:56	0	226	1
0	0	2011-05-31.10:41:00	0	226	1
0	0	2011-05-31.10:41:04	0	232	1
0	0	2011-05-31.10:41:08	0	228	1
0	0	2011-05-31.10:41:13	0	228	1
0	0	2011-05-31.10:41:17	0	228	1
0	0	2011-05-31.10:41:21	0	228	1
0	0	2011-05-31.10:41:25	0	228	1
0	0	2011-05-31.10:41:29	0	228	1
0	0	2011-05-31.10:41:33	0	228	1
0	0	2011-05-31.10:41:37	0	228	1
0	0	2011-05-31.10:41:41	0	228	1
0	0	2011-05-31.10:41:45	0	228	1
0	0	2011-05-31.10:41:49	0	226	1
0	0	2011-05-31.10:41:53	0	226	1
0	0	2011-05-31.10:41:57	0	226	1
0	0	2011-05-31.10:42:01	0	236	1
0	0	2011-05-31.10:42:05	0	232	1
0	0	2011-05-31.10:42:09	0	228	1
0	0	2011-05-31.10:42:13	0	228	1
0	0	2011-05-31.10:42:17	0	228	1
0	0	2011-05-31.10:42:21	8	228	1
0	0	2011-05-31.10:42:25	8	228	1
0	0	2011-05-31.10:42:29	23	228	1
0	0	2011-05-31.10:42:33	21	228	1
0	0	2011-05-31.10:42:37	20	228	1
0	0	2011-05-31.10:42:42	18	228	1
0	0	2011-05-31.10:42:46	17	226	1
0	0	2011-05-31.10:42:50	17	226	1
0	0	2011-05-31.10:42:54	15	226	1
0	0	2011-05-31.10:42:58	30	226	1
0	0	2011-05-31.10:43:02	28	232	1
0	0	2011-05-31.10:43:06	25	232	1
0	0	2011-05-31.10:43:10	25	228	1
0	0	2011-05-31.10:43:14	23	228	1
0	0	2011-05-31.10:43:18	21	228	1
0	0	2011-05-31.10:43:22	20	228	1
0	0	2011-05-31.10:43:26	18	228	1
0	0	2011-05-31.10:43:30	18	228	1
0	0	2011-05-31.10:43:34	17	228	1
0	0	2011-05-31.10:43:38	15	228	1
0	0	2011-05-31.10:43:42	14	228	1
0	0	2011-05-31.10:43:46	13	226	1
0	0	2011-05-31.10:43:51	12	226	1
0	0	2011-05-31.10:43:55	12	226	1
0	0	2011-05-31.10:43:59	11	226	1
0	0	2011-05-31.10:44:03	10	232	1
0	0	2011-05-31.10:44:07	9	228	1
0	0	2011-05-31.10:44:11	8	228	1
0	0	2011-05-31.10:44:15	8	228	1
0	0	2011-05-31.10:44:19	8	228	1
0	0	2011-05-31.10:44:23	7	228	1
0	0	2011-05-31.10:44:27	6	228	1
0	0	2011-05-31.10:44:31	6	228	1
0	0	2011-05-31.10:44:35	5	228	1
0	0	2011-05-31.10:44:39	5	228	1
0	0	2011-05-31.10:44:43	5	228	1
0	0	2011-05-31.10:44:47	5	226	1
0	0	2011-05-31.10:44:52	4	226	1
0	0	2011-05-31.10:44:56	4	226	1
0	0	2011-05-31.10:45:00	4	226	1
0	0	2011-05-31.10:45:04	3	232	1
0	0	2011-05-31.10:45:08	3	228	1
0	0	2011-05-31.10:45:12	3	228	1
0	0	2011-05-31.10:45:16	3	228	1
0	0	2011-05-31.10:45:20	3	228	1
0	0	2011-05-31.10:45:24	2	228	1
0	0	2011-05-31.10:45:28	10	228	1
0	0	2011-05-31.10:45:32	9	228	1
0	0	2011-05-31.10:45:36	9	228	1
0	0	2011-05-31.10:45:40	9	228	1
0	0	2011-05-31.10:45:44	8	228	1
0	0	2011-05-31.10:45:48	7	226	1
0	0	2011-05-31.10:45:52	7	226	1
0	0	2011-05-31.10:45:56	6	226	1
0	0	2011-05-31.10:46:00	6	226	1
0	0	2011-05-31.10:46:04	6	232	1
0	0	2011-05-31.10:46:08	5	228	1
0	0	2011-05-31.10:46:12	5	228	1
0	0	2011-05-31.10:46:16	4	228	1
0	0	2011-05-31.10:46:21	12	228	1
0	0	2011-05-31.10:46:25	12	228	1
0	0	2011-05-31.10:46:29	11	228	1
0	0	2011-05-31.10:46:33	10	228	1
0	0	2011-05-31.10:46:37	9	228	1
0	0	2011-05-31.10:46:41	8	228	1
0	0	2011-05-31.10:46:45	8	228	1
0	0	2011-05-31.10:46:49	8	226	1
0	0	2011-05-31.10:46:53	7	226	1
0	0	2011-05-31.10:46:57	7	226	1
0	0	2011-05-31.10:47:01	6	226	1
0	0	2011-05-31.10:47:05	6	232	1
0	0	2011-05-31.10:47:09	6	228	1
0	0	2011-05-31.10:47:13	5	228	1
0	0	2011-05-31.10:47:17	5	228	1
0	0	2011-05-31.10:47:21	4	228	1
0	0	2011-05-31.10:47:25	4	228	1
0	0	2011-05-31.10:47:29	4	228	1
0	0	2011-05-31.10:47:33	4	228	1
0	0	2011-05-31.10:47:37	3	228	1
0	0	2011-05-31.10:47:41	3	228	1
0	0	2011-05-31.10:47:45	3	226	1
0	0	2011-05-31.10:47:49	3	226	1
0	0	2011-05-31.10:47:54	2	226	1
0	0	2011-05-31.10:47:58	2	226	1
0	0	2011-05-31.10:48:02	2	234	1
0	0	2011-05-31.10:48:06	2	232	1
0	0	2011-05-31.10:48:10	2	228	1
0	0	2011-05-31.10:48:14	2	228	1
0	0	2011-05-31.10:48:18	2	228	1
0	0	2011-05-31.10:48:22	1	228	1
0	0	2011-05-31.10:48:26	1	228	1
0	0	2011-05-31.10:48:31	1	228	1
0	0	2011-05-31.10:48:35	1	228	1
0	0	2011-05-31.10:48:39	1	228	1
0	0	2011-05-31.10:48:43	1	228	1
0	0	2011-05-31.10:48:47	1	226	1
0	0	2011-05-31.10:48:51	1	226	1
0	0	2011-05-31.10:48:55	1	226	1
0	0	2011-05-31.10:48:59	1	226	1
0	0	2011-05-31.10:49:03	1	232	1
0	0	2011-05-31.10:49:07	0	228	1
0	0	2011-05-31.10:49:11	0	228	1
0	0	2011-05-31.10:49:15	0	228	1
0	0	2011-05-31.10:49:19	0	228	1
0	0	2011-05-31.10:49:23	0	228	1
0	0	2011-05-31.10:49:27	0	228	1
0	0	2011-05-31.10:49:31	0	228	1
0	0	2011-05-31.10:49:35	0	228	1
0	0	2011-05-31.10:49:39	0	228	1
0	0	2011-05-31.10:49:43	0	228	1
0	0	2011-05-31.10:49:47	0	226	1
0	0	2011-05-31.10:49:51	0	226	1
0	0	2011-05-31.10:49:55	8	226	1
0	0	2011-05-31.10:49:59	8	226	1
0	0	2011-05-31.10:50:03	7	232	1
0	0	2011-05-31.10:50:08	7	228	1
0	0	2011-05-31.10:50:12	6	228	1
0	0	2011-05-31.10:50:16	6	228	1
0	0	2011-05-31.10:50:20	6	229	1
0	0	2011-05-31.10:50:24	5	228	1
0	0	2011-05-31.10:50:28	5	228	1
0	0	2011-05-31.10:50:32	4	228	1
0	0	2011-05-31.10:50:36	4	228	1
0	0	2011-05-31.10:50:40	4	228	1
0	0	2011-05-31.10:50:44	4	228	1
0	0	2011-05-31.10:50:48	3	226	1
0	0	2011-05-31.10:50:52	3	226	1
0	0	2011-05-31.10:50:56	3	226	1
0	0	2011-05-31.10:51:00	3	226	1
0	0	2011-05-31.10:51:04	2	232	1
0	0	2011-05-31.10:51:08	2	228	1
0	0	2011-05-31.10:51:12	2	228	1
0	0	2011-05-31.10:51:16	2	228	1
0	0	2011-05-31.10:51:20	2	228	1
0	0	2011-05-31.10:51:24	2	228	1
0	0	2011-05-31.10:51:28	2	228	1
0	0	2011-05-31.10:51:33	1	228	1
0	0	2011-05-31.10:51:37	1	228	1
0	0	2011-05-31.10:51:41	1	228	1
0	0	2011-05-31.10:51:45	1	226	1
0	0	2011-05-31.10:51:49	1	226	1
0	0	2011-05-31.10:51:53	1	226	1
0	0	2011-05-31.10:51:57	1	226	1
0	0	2011-05-31.10:52:02	9	232	1
0	0	2011-05-31.10:52:06	8	230	1
0	0	2011-05-31.10:52:10	8	228	1
0	0	2011-05-31.10:52:14	7	228	1
0	0	2011-05-31.10:52:18	7	228	1
0	0	2011-05-31.10:52:22	6	228	1
0	0	2011-05-31.10:52:26	6	228	1
0	0	2011-05-31.10:52:30	6	228	1
0	0	2011-05-31.10:52:34	5	228	1
0	0	2011-05-31.10:52:38	5	228	1
0	0	2011-05-31.10:52:42	4	228	1
0	0	2011-05-31.10:52:46	4	226	1
0	0	2011-05-31.10:52:50	4	226	1
0	0	2011-05-31.10:52:54	4	226	1
0	0	2011-05-31.10:52:58	3	226	1
0	0	2011-05-31.10:53:02	11	232	1
0	0	2011-05-31.10:53:06	10	228	1
0	0	2011-05-31.10:53:11	9	228	1
0	0	2011-05-31.10:53:15	9	228	1
0	0	2011-05-31.10:53:19	8	228	1
0	0	2011-05-31.10:53:23	8	228	1
0	0	2011-05-31.10:53:27	7	228	1
0	0	2011-05-31.10:53:31	15	228	1
0	0	2011-05-31.10:53:35	15	228	1
0	0	2011-05-31.10:53:39	13	228	1
0	0	2011-05-31.10:53:43	12	228	1
0	0	2011-05-31.10:53:47	11	226	1
0	0	2011-05-31.10:53:51	10	226	1
0	0	2011-05-31.10:53:55	10	226	1
0	0	2011-05-31.10:53:59	10	226	1
0	0	2011-05-31.10:54:03	9	232	1
0	0	2011-05-31.10:54:07	8	228	1
0	0	2011-05-31.10:54:11	7	228	1
0	0	2011-05-31.10:54:15	7	228	1
0	0	2011-05-31.10:54:19	7	228	1
0	0	2011-05-31.10:54:23	6	228	1
0	0	2011-05-31.10:54:27	6	228	1
0	0	2011-05-31.10:54:31	5	228	1
0	0	2011-05-31.10:54:35	5	228	1
0	0	2011-05-31.10:54:40	5	228	1
0	0	2011-05-31.10:54:44	4	228	1
0	0	2011-05-31.10:54:48	4	226	1
0	0	2011-05-31.10:54:52	4	226	1
0	0	2011-05-31.10:54:56	3	226	1
0	0	2011-05-31.10:55:00	3	226	1
0	0	2011-05-31.10:55:04	3	232	1
0	0	2011-05-31.10:55:08	3	228	1
0	0	2011-05-31.10:55:12	2	228	1
0	0	2011-05-31.10:55:16	2	228	1
0	0	2011-05-31.10:55:20	2	228	1
0	0	2011-05-31.10:55:24	2	228	1
0	0	2011-05-31.10:55:28	2	228	1
0	0	2011-05-31.10:55:32	2	228	1
0	0	2011-05-31.10:55:36	2	228	1
0	0	2011-05-31.10:55:40	2	228	1
0	0	2011-05-31.10:55:44	1	228	1
0	0	2011-05-31.10:55:48	1	226	1
0	0	2011-05-31.10:55:52	1	226	1
0	0	2011-05-31.10:55:56	1	226	1
0	0	2011-05-31.10:56:00	1	226	1
0	0	2011-05-31.10:56:04	1	232	1
0	0	2011-05-31.10:56:08	1	228	1
0	0	2011-05-31.10:56:13	1	228	1
0	0	2011-05-31.10:56:17	1	228	1
0	0	2011-05-31.10:56:21	1	228	1
0	0	2011-05-31.10:56:25	1	228	1
0	0	2011-05-31.10:56:29	0	228	1
0	0	2011-05-31.10:56:33	0	228	1
0	0	2011-05-31.10:56:37	0	228	1
0	0	2011-05-31.10:56:41	0	228	1
0	0	2011-05-31.10:56:45	0	228	1
0	0	2011-05-31.10:56:49	0	226	1
0	0	2011-05-31.10:56:53	0	226	1
0	0	2011-05-31.10:56:57	0	226	1
0	0	2011-05-31.10:57:01	0	234	1
0	0	2011-05-31.10:57:05	0	232	1
0	0	2011-05-31.10:57:09	0	228	1
0	0	2011-05-31.10:57:13	0	228	1
0	0	2011-05-31.10:57:17	0	228	1
0	0	2011-05-31.10:57:21	0	228	1
0	0	2011-05-31.10:57:25	0	228	1
0	0	2011-05-31.10:57:29	0	228	1
0	0	2011-05-31.10:57:33	0	228	1
0	0	2011-05-31.10:57:37	0	228	1
0	0	2011-05-31.10:57:41	0	228	1
0	0	2011-05-31.10:57:45	0	226	1
0	0	2011-05-31.10:57:50	0	226	1
0	0	2011-05-31.10:57:54	0	226	1
0	0	2011-05-31.10:57:58	0	226	1
0	0	2011-05-31.10:58:02	0	232	1
0	0	2011-05-31.10:58:06	0	232	1
0	0	2011-05-31.10:58:10	0	228	1
0	0	2011-05-31.10:58:14	0	228	1
0	0	2011-05-31.10:58:18	0	228	1
0	0	2011-05-31.10:58:22	0	228	1
0	0	2011-05-31.10:58:26	0	228	1
0	0	2011-05-31.10:58:30	0	228	1
0	0	2011-05-31.10:58:34	0	228	1
0	0	2011-05-31.10:58:38	0	228	1
0	0	2011-05-31.10:58:42	0	228	1
0	0	2011-05-31.10:58:46	0	226	1
0	0	2011-05-31.10:58:50	0	226	1
0	0	2011-05-31.10:58:54	0	226	1
0	0	2011-05-31.10:58:58	0	226	1
0	0	2011-05-31.10:59:03	0	232	1
0	0	2011-05-31.10:59:07	0	228	1
0	0	2011-05-31.10:59:11	0	228	1
0	0	2011-05-31.10:59:15	0	228	1
0	0	2011-05-31.10:59:19	8	228	1
0	0	2011-05-31.10:59:23	15	228	1
0	0	2011-05-31.10:59:27	14	228	1
0	0	2011-05-31.10:59:31	13	228	1
0	0	2011-05-31.10:59:35	13	228	1
0	0	2011-05-31.10:59:39	12	228	1
0	0	2011-05-31.10:59:43	11	228	1
0	0	2011-05-31.10:59:47	10	226	1
0	0	2011-05-31.10:59:51	9	226	1
0	0	2011-05-31.10:59:56	8	226	1
0	0	2011-05-31.11:00:00	8	226	1
0	0	2011-05-31.11:00:04	8	232	1
0	0	2011-05-31.11:00:08	7	228	1
0	0	2011-05-31.11:00:12	6	228	1
0	0	2011-05-31.11:00:16	6	228	1
0	0	2011-05-31.11:00:20	6	228	1
0	0	2011-05-31.11:00:24	5	228	1
0	0	2011-05-31.11:00:28	5	228	1
0	0	2011-05-31.11:00:32	5	228	1
0	0	2011-05-31.11:00:36	4	228	1
0	0	2011-05-31.11:00:40	4	228	1
0	0	2011-05-31.11:00:44	4	228	1
0	0	2011-05-31.11:00:48	4	226	1
0	0	2011-05-31.11:00:52	3	226	1
0	0	2011-05-31.11:00:56	3	226	1
0	0	2011-05-31.11:01:00	3	226	1
0	0	2011-05-31.11:01:04	3	232	1
0	0	2011-05-31.11:01:08	2	228	1
0	0	2011-05-31.11:01:12	10	228	1
0	0	2011-05-31.11:01:16	9	228	1
0	0	2011-05-31.11:01:21	9	228	1
0	0	2011-05-31.11:01:25	9	228	1
0	0	2011-05-31.11:01:29	8	228	1
0	0	2011-05-31.11:01:33	7	228	1
0	0	2011-05-31.11:01:37	7	228	1
0	0	2011-05-31.11:01:41	14	228	1
0	0	2011-05-31.11:01:45	14	226	1
0	0	2011-05-31.11:01:49	13	226	1
0	0	2011-05-31.11:01:53	12	226	1
0	0	2011-05-31.11:01:57	11	226	1
0	0	2011-05-31.11:02:01	10	232	1
0	0	2011-05-31.11:02:06	9	232	1
0	0	2011-05-31.11:02:10	9	228	1
0	0	2011-05-31.11:02:14	8	228	1
0	0	2011-05-31.11:02:18	8	228	1
0	0	2011-05-31.11:02:22	7	228	1
0	0	2011-05-31.11:02:26	6	228	1
0	0	2011-05-31.11:02:30	6	228	1
0	0	2011-05-31.11:02:34	6	228	1
0	0	2011-05-31.11:02:38	5	228	1
0	0	2011-05-31.11:02:42	5	228	1
0	0	2011-05-31.11:02:46	5	226	1
0	0	2011-05-31.11:02:50	4	226	1
0	0	2011-05-31.11:02:55	4	226	1
0	0	2011-05-31.11:02:59	4	226	1
0	0	2011-05-31.11:03:03	4	232	1
0	0	2011-05-31.11:03:07	3	228	1
0	0	2011-05-31.11:03:11	3	228	1
0	0	2011-05-31.11:03:15	3	228	1
0	0	2011-05-31.11:03:19	3	228	1
0	0	2011-05-31.11:03:23	2	228	1
0	0	2011-05-31.11:03:27	2	228	1
0	0	2011-05-31.11:03:31	2	228	1
0	0	2011-05-31.11:03:35	2	228	1
0	0	2011-05-31.11:03:39	2	228	1
0	0	2011-05-31.11:03:43	2	228	1
0	0	2011-05-31.11:03:47	2	226	1
0	0	2011-05-31.11:03:51	1	226	1
0	0	2011-05-31.11:03:55	1	226	1
0	0	2011-05-31.11:03:59	1	226	1
0	0	2011-05-31.11:04:03	1	232	1
0	0	2011-05-31.11:04:07	1	228	1
0	0	2011-05-31.11:04:11	1	228	1
0	0	2011-05-31.11:04:16	1	228	1
0	0	2011-05-31.11:04:20	1	228	1
0	0	2011-05-31.11:04:24	1	228	1
0	0	2011-05-31.11:04:28	9	228	1
0	0	2011-05-31.11:04:32	8	228	1
0	0	2011-05-31.11:04:36	7	228	1
0	0	2011-05-31.11:04:40	7	228	1
0	0	2011-05-31.11:04:44	7	228	1
0	0	2011-05-31.11:04:48	6	226	1
0	0	2011-05-31.11:04:52	6	226	1
0	0	2011-05-31.11:04:56	5	226	1
0	0	2011-05-31.11:05:01	5	226	1
0	0	2011-05-31.11:05:05	5	232	1
0	0	2011-05-31.11:05:09	4	228	1
0	0	2011-05-31.11:05:14	4	228	1
0	0	2011-05-31.11:05:19	4	228	1
0	0	2011-05-31.11:05:23	3	228	1
0	0	2011-05-31.11:05:27	3	228	1
0	0	2011-05-31.11:05:31	3	228	1
0	0	2011-05-31.11:05:35	3	228	1
0	0	2011-05-31.11:05:39	2	228	1
0	0	2011-05-31.11:05:43	2	228	1
0	0	2011-05-31.11:05:48	2	226	1
0	0	2011-05-31.11:05:52	2	226	1
0	0	2011-05-31.11:05:56	2	226	1
0	0	2011-05-31.11:06:01	2	226	1
0	0	2011-05-31.11:06:05	2	232	1
0	0	2011-05-31.11:06:09	1	228	1
0	0	2011-05-31.11:06:13	1	228	1
0	0	2011-05-31.11:06:17	1	228	1
0	0	2011-05-31.11:06:21	1	228	1
0	0	2011-05-31.11:06:25	1	228	1
0	0	2011-05-31.11:06:29	1	228	1
0	0	2011-05-31.11:06:33	1	228	1
0	0	2011-05-31.11:06:37	1	228	1
0	0	2011-05-31.11:06:41	1	228	1
0	0	2011-05-31.11:06:45	1	228	1
0	0	2011-05-31.11:06:49	9	226	1
0	0	2011-05-31.11:06:53	8	226	1
0	0	2011-05-31.11:06:57	7	226	1
0	0	2011-05-31.11:07:02	7	232	1
0	0	2011-05-31.11:07:06	6	230	1
0	0	2011-05-31.11:07:10	6	228	1
0	0	2011-05-31.11:07:14	6	228	1
0	0	2011-05-31.11:07:18	5	228	1
0	0	2011-05-31.11:07:22	5	228	1
0	0	2011-05-31.11:07:26	4	228	1
0	0	2011-05-31.11:07:30	4	228	1
0	0	2011-05-31.11:07:34	4	228	1
0	0	2011-05-31.11:07:38	4	228	1
0	0	2011-05-31.11:07:43	3	228	1
0	0	2011-05-31.11:07:47	3	226	1
0	0	2011-05-31.11:07:51	3	226	1
0	0	2011-05-31.11:07:55	3	226	1
0	0	2011-05-31.11:07:59	2	226	1
0	0	2011-05-31.11:08:03	2	232	1
0	0	2011-05-31.11:08:07	2	228	1
0	0	2011-05-31.11:08:11	2	228	1
0	0	2011-05-31.11:08:15	2	228	1
0	0	2011-05-31.11:08:19	2	228	1
0	0	2011-05-31.11:08:24	2	228	1
0	0	2011-05-31.11:08:28	1	228	1
0	0	2011-05-31.11:08:32	1	228	1
0	0	2011-05-31.11:08:36	1	228	1
0	0	2011-05-31.11:08:40	1	228	1
0	0	2011-05-31.11:08:44	1	228	1
0	0	2011-05-31.11:08:48	1	226	1
0	0	2011-05-31.11:08:52	1	226	1
0	0	2011-05-31.11:08:56	1	226	1
0	0	2011-05-31.11:09:00	1	226	1
0	0	2011-05-31.11:09:04	1	232	1
0	0	2011-05-31.11:09:08	1	228	1
0	0	2011-05-31.11:09:12	0	228	1
0	0	2011-05-31.11:09:16	0	228	1
0	0	2011-05-31.11:09:20	0	228	1
0	0	2011-05-31.11:09:24	0	228	1
0	0	2011-05-31.11:09:28	0	228	1
0	0	2011-05-31.11:09:32	0	228	1
0	0	2011-05-31.11:09:36	0	228	1
0	0	2011-05-31.11:09:40	0	228	1
0	0	2011-05-31.11:09:44	0	228	1
0	0	2011-05-31.11:09:48	0	226	1
0	0	2011-05-31.11:09:52	0	226	1
0	0	2011-05-31.11:09:57	0	226	1
0	0	2011-05-31.11:10:01	0	238	1
0	0	2011-05-31.11:10:05	0	232	1
0	0	2011-05-31.11:10:09	0	228	1
0	0	2011-05-31.11:10:13	0	228	1
0	0	2011-05-31.11:10:17	0	228	1
0	0	2011-05-31.11:10:21	0	228	1
0	0	2011-05-31.11:10:25	0	228	1
0	0	2011-05-31.11:10:29	0	228	1
0	0	2011-05-31.11:10:34	0	228	1
0	0	2011-05-31.11:10:38	0	228	1
0	0	2011-05-31.11:10:42	0	228	1
0	0	2011-05-31.11:10:46	0	226	1
0	0	2011-05-31.11:10:50	0	226	1
0	0	2011-05-31.11:10:54	0	226	1
0	0	2011-05-31.11:10:58	16	226	1
0	0	2011-05-31.11:11:02	15	232	1
0	0	2011-05-31.11:11:06	13	228	1
0	0	2011-05-31.11:11:11	12	228	1
0	0	2011-05-31.11:11:15	12	228	1
0	0	2011-05-31.11:11:19	11	228	1
0	0	2011-05-31.11:11:23	18	228	1
0	0	2011-05-31.11:11:27	17	228	1
0	0	2011-05-31.11:11:31	16	228	1
0	0	2011-05-31.11:11:35	16	228	1
0	0	2011-05-31.11:11:39	14	228	1
0	0	2011-05-31.11:11:43	13	228	1
0	0	2011-05-31.11:11:47	12	226	1
0	0	2011-05-31.11:11:51	11	226	1
0	0	2011-05-31.11:11:55	11	226	1
0	0	2011-05-31.11:11:59	10	226	1
0	0	2011-05-31.11:12:03	9	232	1
0	0	2011-05-31.11:12:07	8	228	1
0	0	2011-05-31.11:12:11	8	228	1
0	0	2011-05-31.11:12:15	8	228	1
0	0	2011-05-31.11:12:19	7	228	1
0	0	2011-05-31.11:12:23	7	228	1
0	0	2011-05-31.11:12:27	6	228	1
0	0	2011-05-31.11:12:31	6	228	1
0	0	2011-05-31.11:12:35	5	228	1
0	0	2011-05-31.11:12:39	5	228	1
0	0	2011-05-31.11:12:44	5	228	1
0	0	2011-05-31.11:12:48	4	226	1
0	0	2011-05-31.11:12:52	4	226	1
0	0	2011-05-31.11:12:56	4	226	1
0	0	2011-05-31.11:13:00	4	226	1
0	0	2011-05-31.11:13:04	3	232	1
0	0	2011-05-31.11:13:08	3	228	1
0	0	2011-05-31.11:13:12	3	228	1
0	0	2011-05-31.11:13:16	2	228	1
0	0	2011-05-31.11:13:20	2	228	1
0	0	2011-05-31.11:13:24	2	228	1
0	0	2011-05-31.11:13:28	2	228	1
0	0	2011-05-31.11:13:32	2	228	1
0	0	2011-05-31.11:13:36	2	228	1
0	0	2011-05-31.11:13:40	2	228	1
0	0	2011-05-31.11:13:44	2	228	1
0	0	2011-05-31.11:13:48	1	226	1
0	0	2011-05-31.11:13:52	1	226	1
0	0	2011-05-31.11:13:56	1	226	1
0	0	2011-05-31.11:14:00	1	226	1
0	0	2011-05-31.11:14:04	1	232	1
0	0	2011-05-31.11:14:08	1	228	1
0	0	2011-05-31.11:14:12	1	228	1
0	0	2011-05-31.11:14:17	1	228	1
0	0	2011-05-31.11:14:21	1	228	1
0	0	2011-05-31.11:14:25	1	228	1
0	0	2011-05-31.11:14:29	1	228	1
0	0	2011-05-31.11:14:33	16	228	1
0	0	2011-05-31.11:14:37	15	228	1
0	0	2011-05-31.11:14:41	14	228	1
0	0	2011-05-31.11:14:45	14	228	1
0	0	2011-05-31.11:14:49	13	226	1
0	0	2011-05-31.11:14:53	12	226	1
0	0	2011-05-31.11:14:57	11	226	1
0	0	2011-05-31.11:15:01	10	234	1
0	0	2011-05-31.11:15:05	9	232	1
0	0	2011-05-31.11:15:10	9	228	1
0	0	2011-05-31.11:15:14	8	228	1
0	0	2011-05-31.11:15:18	8	228	1
0	0	2011-05-31.11:15:22	7	228	1
0	0	2011-05-31.11:15:26	6	228	1
0	0	2011-05-31.11:15:30	6	228	1
0	0	2011-05-31.11:15:34	6	228	1
0	0	2011-05-31.11:15:38	21	228	1
0	0	2011-05-31.11:15:42	20	228	1
0	0	2011-05-31.11:15:46	18	226	1
0	0	2011-05-31.11:15:50	18	226	1
0	0	2011-05-31.11:15:54	17	226	1
0	0	2011-05-31.11:15:58	15	226	1
0	0	2011-05-31.11:16:02	14	232	1
0	0	2011-05-31.11:16:06	13	230	1
0	0	2011-05-31.11:16:10	13	228	1
0	0	2011-05-31.11:16:14	12	228	1
0	0	2011-05-31.11:16:18	11	228	1
0	0	2011-05-31.11:16:22	10	228	1
0	0	2011-05-31.11:16:27	9	228	1
0	0	2011-05-31.11:16:31	8	228	1
0	0	2011-05-31.11:16:35	8	228	1
0	0	2011-05-31.11:16:39	8	228	1
0	0	2011-05-31.11:16:43	7	228	1
0	0	2011-05-31.11:16:47	6	226	1
0	0	2011-05-31.11:16:51	6	226	1
0	0	2011-05-31.11:16:55	6	226	1
0	0	2011-05-31.11:16:59	5	226	1
0	0	2011-05-31.11:17:03	5	232	1
0	0	2011-05-31.11:17:07	5	228	1
0	0	2011-05-31.11:17:11	4	228	1
0	0	2011-05-31.11:17:15	4	228	1
0	0	2011-05-31.11:17:19	4	228	1
0	0	2011-05-31.11:17:23	4	228	1
0	0	2011-05-31.11:17:27	3	228	1
0	0	2011-05-31.11:17:31	3	228	1
0	0	2011-05-31.11:17:35	3	228	1
0	0	2011-05-31.11:17:39	3	228	1
0	0	2011-05-31.11:17:43	2	228	1
0	0	2011-05-31.11:17:47	2	226	1
0	0	2011-05-31.11:17:51	2	226	1
0	0	2011-05-31.11:17:55	2	226	1
0	0	2011-05-31.11:18:00	2	226	1
0	0	2011-05-31.11:18:04	2	232	1
0	0	2011-05-31.11:18:08	2	228	1
0	0	2011-05-31.11:18:12	1	228	1
0	0	2011-05-31.11:18:16	1	228	1
0	0	2011-05-31.11:18:20	1	228	1
0	0	2011-05-31.11:18:24	1	228	1
0	0	2011-05-31.11:18:28	1	228	1
0	0	2011-05-31.11:18:32	1	228	1
0	0	2011-05-31.11:18:36	1	228	1
0	0	2011-05-31.11:18:40	1	228	1
0	0	2011-05-31.11:18:44	1	228	1
0	0	2011-05-31.11:18:48	1	226	1
0	0	2011-05-31.11:18:52	9	226	1
0	0	2011-05-31.11:18:56	8	226	1
0	0	2011-05-31.11:19:00	8	226	1
0	0	2011-05-31.11:19:04	7	232	1
0	0	2011-05-31.11:19:08	7	228	1
0	0	2011-05-31.11:19:12	6	228	1
0	0	2011-05-31.11:19:16	6	228	1
0	0	2011-05-31.11:19:20	5	228	1
0	0	2011-05-31.11:19:24	5	228	1
0	0	2011-05-31.11:19:28	5	228	1
0	0	2011-05-31.11:19:33	4	228	1
0	0	2011-05-31.11:19:37	4	228	1
0	0	2011-05-31.11:19:41	4	228	1
0	0	2011-05-31.11:19:45	4	228	1
0	0	2011-05-31.11:19:49	3	226	1
0	0	2011-05-31.11:19:53	3	226	1
0	0	2011-05-31.11:19:57	3	226	1
0	0	2011-05-31.11:20:01	2	226	1
0	0	2011-05-31.11:20:05	2	232	1
0	0	2011-05-31.11:20:09	2	228	1
0	0	2011-05-31.11:20:13	2	228	1
0	0	2011-05-31.11:20:17	2	228	1
0	0	2011-05-31.11:20:21	2	228	1
0	0	2011-05-31.11:20:25	2	228	1
0	0	2011-05-31.11:20:29	2	228	1
0	0	2011-05-31.11:20:33	1	228	1
0	0	2011-05-31.11:20:37	1	228	1
0	0	2011-05-31.11:20:41	1	228	1
0	0	2011-05-31.11:20:45	1	228	1
0	0	2011-05-31.11:20:49	1	226	1
0	0	2011-05-31.11:20:53	1	226	1
0	0	2011-05-31.11:20:57	1	226	1
0	0	2011-05-31.11:21:02	9	234	1
0	0	2011-05-31.11:21:06	8	232	1
0	0	2011-05-31.11:21:10	8	228	1
0	0	2011-05-31.11:21:14	7	228	1
0	0	2011-05-31.11:21:18	7	228	1
0	0	2011-05-31.11:21:22	6	228	1
0	0	2011-05-31.11:21:26	6	228	1
0	0	2011-05-31.11:21:30	6	228	1
0	0	2011-05-31.11:21:34	5	228	1
0	0	2011-05-31.11:21:38	5	228	1
0	0	2011-05-31.11:21:42	4	228	1
0	0	2011-05-31.11:21:47	4	226	1
0	0	2011-05-31.11:21:51	4	226	1
0	0	2011-05-31.11:21:55	4	226	1
0	0	2011-05-31.11:21:59	3	226	1
0	0	2011-05-31.11:22:03	3	232	1
0	0	2011-05-31.11:22:07	3	228	1
0	0	2011-05-31.11:22:11	2	228	1
0	0	2011-05-31.11:22:15	2	228	1
0	0	2011-05-31.11:22:19	2	228	1
0	0	2011-05-31.11:22:23	2	228	1
0	0	2011-05-31.11:22:27	2	228	1
0	0	2011-05-31.11:22:31	2	228	1
0	0	2011-05-31.11:22:35	2	228	1
0	0	2011-05-31.11:22:39	2	228	1
0	0	2011-05-31.11:22:43	1	228	1
0	0	2011-05-31.11:22:47	1	226	1
0	0	2011-05-31.11:22:51	1	226	1
0	0	2011-05-31.11:22:55	1	226	1
0	0	2011-05-31.11:22:59	1	226	1
0	0	2011-05-31.11:23:03	1	232	1
0	0	2011-05-31.11:23:07	1	228	1
0	0	2011-05-31.11:23:12	1	228	1
0	0	2011-05-31.11:23:16	1	228	1
0	0	2011-05-31.11:23:20	1	228	1
0	0	2011-05-31.11:23:24	1	228	1
0	0	2011-05-31.11:23:28	0	228	1
0	0	2011-05-31.11:23:32	0	228	1
0	0	2011-05-31.11:23:36	0	228	1
0	0	2011-05-31.11:23:40	0	228	1
0	0	2011-05-31.11:23:44	0	228	1
0	0	2011-05-31.11:23:48	0	226	1
0	0	2011-05-31.11:23:52	0	226	1
0	0	2011-05-31.11:23:56	0	226	1
0	0	2011-05-31.11:24:00	0	226	1
0	0	2011-05-31.11:24:04	0	232	1
0	0	2011-05-31.11:24:08	0	228	1
0	0	2011-05-31.11:24:12	0	228	1
0	0	2011-05-31.11:24:16	0	228	1
0	0	2011-05-31.11:24:20	0	228	1
0	0	2011-05-31.11:24:24	0	228	1
0	0	2011-05-31.11:24:28	0	228	1
0	0	2011-05-31.11:24:32	0	228	1
0	0	2011-05-31.11:24:36	0	228	1
0	0	2011-05-31.11:24:40	0	228	1
0	0	2011-05-31.11:24:44	0	228	1
0	0	2011-05-31.11:24:49	0	226	1
0	0	2011-05-31.11:24:53	0	226	1
0	0	2011-05-31.11:24:57	0	226	1
0	0	2011-05-31.11:25:01	0	236	1
0	0	2011-05-31.11:25:05	0	232	1
0	0	2011-05-31.11:25:09	0	228	1
0	0	2011-05-31.11:25:13	8	228	1
0	0	2011-05-31.11:25:17	7	228	1
0	0	2011-05-31.11:25:21	7	228	1
0	0	2011-05-31.11:25:25	7	228	1
0	0	2011-05-31.11:25:29	6	228	1
0	0	2011-05-31.11:25:33	6	228	1
0	0	2011-05-31.11:25:37	5	228	1
0	0	2011-05-31.11:25:41	5	228	1
0	0	2011-05-31.11:25:45	5	226	1
0	0	2011-05-31.11:25:49	4	226	1
0	0	2011-05-31.11:25:53	4	226	1
0	0	2011-05-31.11:25:57	4	226	1
0	0	2011-05-31.11:26:01	3	232	1
0	0	2011-05-31.11:26:05	3	232	1
0	0	2011-05-31.11:26:09	3	228	1
0	0	2011-05-31.11:26:13	11	228	1
0	0	2011-05-31.11:26:17	10	228	1
0	0	2011-05-31.11:26:22	9	228	1
0	0	2011-05-31.11:26:26	8	228	1
0	0	2011-05-31.11:26:30	8	228	1
0	0	2011-05-31.11:26:34	8	228	1
0	0	2011-05-31.11:26:38	7	228	1
0	0	2011-05-31.11:26:42	6	228	1
0	0	2011-05-31.11:26:46	6	226	1
0	0	2011-05-31.11:26:50	6	226	1
0	0	2011-05-31.11:26:54	5	226	1
0	0	2011-05-31.11:26:58	5	226	1
0	0	2011-05-31.11:27:02	4	232	1
0	0	2011-05-31.11:27:06	4	228	1
0	0	2011-05-31.11:27:10	4	228	1
0	0	2011-05-31.11:27:14	4	228	1
0	0	2011-05-31.11:27:18	3	228	1
0	0	2011-05-31.11:27:22	3	228	1
0	0	2011-05-31.11:27:26	3	228	1
0	0	2011-05-31.11:27:30	3	228	1
0	0	2011-05-31.11:27:34	3	228	1
0	0	2011-05-31.11:27:38	2	228	1
0	0	2011-05-31.11:27:42	2	228	1
0	0	2011-05-31.11:27:46	2	226	1
0	0	2011-05-31.11:27:50	2	226	1
0	0	2011-05-31.11:27:55	2	226	1
0	0	2011-05-31.11:27:59	2	226	1
0	0	2011-05-31.11:28:03	1	232	1
0	0	2011-05-31.11:28:07	1	228	1
0	0	2011-05-31.11:28:11	1	228	1
0	0	2011-05-31.11:28:15	1	228	1
0	0	2011-05-31.11:28:19	1	228	1
0	0	2011-05-31.11:28:23	1	228	1
0	0	2011-05-31.11:28:27	1	228	1
0	0	2011-05-31.11:28:31	1	228	1
0	0	2011-05-31.11:28:35	1	228	1
0	0	2011-05-31.11:28:39	1	228	1
0	0	2011-05-31.11:28:43	1	228	1
0	0	2011-05-31.11:28:47	1	226	1
0	0	2011-05-31.11:28:51	0	226	1
0	0	2011-05-31.11:28:55	0	226	1
0	0	2011-05-31.11:28:59	0	226	1
0	0	2011-05-31.11:29:03	0	232	1
0	0	2011-05-31.11:29:07	0	228	1
0	0	2011-05-31.11:29:11	0	228	1
0	0	2011-05-31.11:29:15	16	228	1
0	0	2011-05-31.11:29:19	16	228	1
0	0	2011-05-31.11:29:24	15	228	1
0	0	2011-05-31.11:29:28	14	228	1
0	0	2011-05-31.11:29:32	13	228	1
0	0	2011-05-31.11:29:36	12	228	1
0	0	2011-05-31.11:29:40	12	228	1
0	0	2011-05-31.11:29:44	11	228	1
0	0	2011-05-31.11:29:48	10	226	1
0	0	2011-05-31.11:29:52	9	226	1
0	0	2011-05-31.11:29:56	8	226	1
0	0	2011-05-31.11:30:00	8	226	1
0	0	2011-05-31.11:30:04	8	232	1
0	0	2011-05-31.11:30:08	7	228	1
0	0	2011-05-31.11:30:12	6	228	1
0	0	2011-05-31.11:30:16	6	228	1
0	0	2011-05-31.11:30:20	6	228	1
0	0	2011-05-31.11:30:24	5	228	1
0	0	2011-05-31.11:30:28	5	228	1
0	0	2011-05-31.11:30:32	4	228	1
0	0	2011-05-31.11:30:36	4	228	1
0	0	2011-05-31.11:30:40	4	228	1
0	0	2011-05-31.11:30:44	4	228	1
0	0	2011-05-31.11:30:48	3	226	1
0	0	2011-05-31.11:30:52	3	226	1
0	0	2011-05-31.11:30:57	3	226	1
0	0	2011-05-31.11:31:01	3	226	1
0	0	2011-05-31.11:31:05	3	232	1
0	0	2011-05-31.11:31:09	2	228	1
0	0	2011-05-31.11:31:13	2	228	1
0	0	2011-05-31.11:31:17	2	228	1
0	0	2011-05-31.11:31:21	2	228	1
0	0	2011-05-31.11:31:25	2	228	1
0	0	2011-05-31.11:31:29	2	228	1
0	0	2011-05-31.11:31:33	1	228	1
0	0	2011-05-31.11:31:37	1	228	1
0	0	2011-05-31.11:31:41	1	228	1
0	0	2011-05-31.11:31:45	1	226	1
0	0	2011-05-31.11:31:49	1	226	1
0	0	2011-05-31.11:31:53	1	226	1
0	0	2011-05-31.11:31:57	1	226	1
0	0	2011-05-31.11:32:01	1	232	1
0	0	2011-05-31.11:32:06	1	232	1
0	0	2011-05-31.11:32:10	1	228	1
0	0	2011-05-31.11:32:14	1	228	1
0	0	2011-05-31.11:32:18	0	228	1
0	0	2011-05-31.11:32:22	0	228	1
0	0	2011-05-31.11:32:26	0	228	1
0	0	2011-05-31.11:32:31	0	228	1
0	0	2011-05-31.11:32:35	0	228	1
0	0	2011-05-31.11:32:39	0	228	1
0	0	2011-05-31.11:32:43	0	228	1
0	0	2011-05-31.11:32:47	0	226	1
0	0	2011-05-31.11:32:51	8	226	1
0	0	2011-05-31.11:32:55	8	226	1
0	0	2011-05-31.11:32:59	7	226	1
0	0	2011-05-31.11:33:03	7	232	1
0	0	2011-05-31.11:33:07	6	228	1
0	0	2011-05-31.11:33:11	6	228	1
0	0	2011-05-31.11:33:15	6	228	1
0	0	2011-05-31.11:33:19	5	228	1
0	0	2011-05-31.11:33:24	5	228	1
0	0	2011-05-31.11:33:28	4	228	1
0	0	2011-05-31.11:33:32	4	228	1
0	0	2011-05-31.11:33:36	4	229	1
0	0	2011-05-31.11:33:40	4	228	1
0	0	2011-05-31.11:33:44	3	228	1
0	0	2011-05-31.11:33:48	3	226	1
0	0	2011-05-31.11:33:52	3	226	1
0	0	2011-05-31.11:33:56	11	226	1
0	0	2011-05-31.11:34:00	11	226	1
0	0	2011-05-31.11:34:04	10	232	1
0	0	2011-05-31.11:34:08	9	228	1
0	0	2011-05-31.11:34:12	8	228	1
0	0	2011-05-31.11:34:16	7	228	1
0	0	2011-05-31.11:34:20	7	228	1
0	0	2011-05-31.11:34:24	7	228	1
0	0	2011-05-31.11:34:29	6	228	1
0	0	2011-05-31.11:34:33	6	228	1
0	0	2011-05-31.11:34:37	13	228	1
0	0	2011-05-31.11:34:41	12	228	1
0	0	2011-05-31.11:34:45	12	228	1
0	0	2011-05-31.11:34:49	11	226	1
0	0	2011-05-31.11:34:53	10	226	1
0	0	2011-05-31.11:34:57	9	226	1
0	0	2011-05-31.11:35:01	9	238	1
0	0	2011-05-31.11:35:05	9	232	1
0	0	2011-05-31.11:35:10	8	228	1
0	0	2011-05-31.11:35:14	7	228	1
0	0	2011-05-31.11:35:18	7	228	1
0	0	2011-05-31.11:35:22	6	228	1
0	0	2011-05-31.11:35:26	6	228	1
0	0	2011-05-31.11:35:30	6	228	1
0	0	2011-05-31.11:35:34	5	228	1
0	0	2011-05-31.11:35:38	5	228	1
0	0	2011-05-31.11:35:42	4	228	1
0	0	2011-05-31.11:35:46	4	226	1
0	0	2011-05-31.11:35:50	4	226	1
0	0	2011-05-31.11:35:54	4	226	1
0	0	2011-05-31.11:35:58	3	226	1
0	0	2011-05-31.11:36:03	3	232	1
0	0	2011-05-31.11:36:07	3	228	1
0	0	2011-05-31.11:36:11	2	228	1
0	0	2011-05-31.11:36:15	2	228	1
0	0	2011-05-31.11:36:19	2	228	1
0	0	2011-05-31.11:36:23	2	228	1
0	0	2011-05-31.11:36:27	2	228	1
0	0	2011-05-31.11:36:31	2	228	1
0	0	2011-05-31.11:36:35	2	228	1
0	0	2011-05-31.11:36:39	2	228	1
0	0	2011-05-31.11:36:44	1	228	1
0	0	2011-05-31.11:36:48	1	226	1
0	0	2011-05-31.11:36:52	1	226	1
0	0	2011-05-31.11:36:56	1	226	1
0	0	2011-05-31.11:37:00	1	226	1
0	0	2011-05-31.11:37:04	1	232	1
0	0	2011-05-31.11:37:08	1	228	1
0	0	2011-05-31.11:37:12	1	228	1
0	0	2011-05-31.11:37:16	1	228	1
0	0	2011-05-31.11:37:21	1	228	1
0	0	2011-05-31.11:37:25	1	228	1
0	0	2011-05-31.11:37:29	0	228	1
0	0	2011-05-31.11:37:33	0	228	1
0	0	2011-05-31.11:37:37	0	228	1
0	0	2011-05-31.11:37:41	0	228	1
0	0	2011-05-31.11:37:45	0	228	1
0	0	2011-05-31.11:37:49	0	226	1
0	0	2011-05-31.11:37:53	0	226	1
0	0	2011-05-31.11:37:57	0	226	1
0	0	2011-05-31.11:38:01	0	226	1
0	0	2011-05-31.11:38:05	0	232	1
0	0	2011-05-31.11:38:09	0	228	1
0	0	2011-05-31.11:38:13	0	228	1
0	0	2011-05-31.11:38:17	0	228	1
0	0	2011-05-31.11:38:21	0	228	1
0	0	2011-05-31.11:38:25	0	228	1
0	0	2011-05-31.11:38:29	0	228	1
0	0	2011-05-31.11:38:33	0	228	1
0	0	2011-05-31.11:38:37	0	228	1
0	0	2011-05-31.11:38:41	0	228	1
0	0	2011-05-31.11:38:45	0	228	1
0	0	2011-05-31.11:38:49	0	226	1
0	0	2011-05-31.11:38:54	0	226	1
0	0	2011-05-31.11:38:58	0	226	1
0	0	2011-05-31.11:39:02	0	234	1
0	0	2011-05-31.11:39:06	0	232	1
0	0	2011-05-31.11:39:10	0	228	1
0	0	2011-05-31.11:39:14	0	228	1
0	0	2011-05-31.11:39:18	0	228	1
0	0	2011-05-31.11:39:22	0	228	1
0	0	2011-05-31.11:39:26	0	228	1
0	0	2011-05-31.11:39:30	0	228	1
0	0	2011-05-31.11:39:34	0	228	1
0	0	2011-05-31.11:39:39	0	228	1
0	0	2011-05-31.11:39:43	0	228	1
0	0	2011-05-31.11:39:47	0	226	1
0	0	2011-05-31.11:39:51	0	226	1
0	0	2011-05-31.11:39:55	0	226	1
0	0	2011-05-31.11:39:59	0	226	1
0	0	2011-05-31.11:40:03	0	232	1
0	0	2011-05-31.11:40:07	0	228	1
0	0	2011-05-31.11:40:11	0	228	1
0	0	2011-05-31.11:40:15	0	228	1
0	0	2011-05-31.11:40:19	8	228	1
0	0	2011-05-31.11:40:23	7	228	1
0	0	2011-05-31.11:40:27	7	228	1
0	0	2011-05-31.11:40:31	6	228	1
0	0	2011-05-31.11:40:35	6	228	1
0	0	2011-05-31.11:40:39	6	228	1
0	0	2011-05-31.11:40:43	5	228	1
0	0	2011-05-31.11:40:47	5	226	1
0	0	2011-05-31.11:40:51	4	226	1
0	0	2011-05-31.11:40:55	4	226	1
0	0	2011-05-31.11:41:00	12	226	1
0	0	2011-05-31.11:41:04	11	232	1
0	0	2011-05-31.11:41:08	10	229	1
0	0	2011-05-31.11:41:12	9	228	1
0	0	2011-05-31.11:41:16	8	228	1
0	0	2011-05-31.11:41:20	8	228	1
0	0	2011-05-31.11:41:24	8	228	1
0	0	2011-05-31.11:41:28	7	228	1
0	0	2011-05-31.11:41:32	7	228	1
0	0	2011-05-31.11:41:36	6	228	1
0	0	2011-05-31.11:41:40	6	228	1
0	0	2011-05-31.11:41:44	6	228	1
0	0	2011-05-31.11:41:48	5	226	1
0	0	2011-05-31.11:41:52	5	226	1
0	0	2011-05-31.11:41:56	4	226	1
0	0	2011-05-31.11:42:00	4	226	1
0	0	2011-05-31.11:42:04	4	232	1
0	0	2011-05-31.11:42:08	4	228	1
0	0	2011-05-31.11:42:12	3	228	1
0	0	2011-05-31.11:42:16	11	228	1
0	0	2011-05-31.11:42:20	11	228	1
0	0	2011-05-31.11:42:24	10	228	1
0	0	2011-05-31.11:42:28	9	228	1
0	0	2011-05-31.11:42:33	8	228	1
0	0	2011-05-31.11:42:37	8	228	1
0	0	2011-05-31.11:42:41	7	228	1
0	0	2011-05-31.11:42:45	7	228	1
0	0	2011-05-31.11:42:49	7	226	1
0	0	2011-05-31.11:42:53	6	226	1
0	0	2011-05-31.11:42:57	6	226	1
0	0	2011-05-31.11:43:01	5	234	1
0	0	2011-05-31.11:43:05	5	232	1
0	0	2011-05-31.11:43:09	13	228	1
0	0	2011-05-31.11:43:13	12	228	1
0	0	2011-05-31.11:43:17	11	228	1
0	0	2011-05-31.11:43:21	10	228	1
0	0	2011-05-31.11:43:25	10	228	1
0	0	2011-05-31.11:43:29	9	228	1
0	0	2011-05-31.11:43:33	8	228	1
0	0	2011-05-31.11:43:37	8	228	1
0	0	2011-05-31.11:43:41	7	228	1
0	0	2011-05-31.11:43:45	7	226	1
0	0	2011-05-31.11:43:49	6	226	1
0	0	2011-05-31.11:43:53	6	226	1
0	0	2011-05-31.11:43:57	5	226	1
0	0	2011-05-31.11:44:01	5	232	1
0	0	2011-05-31.11:44:06	4	232	1
0	0	2011-05-31.11:44:10	4	228	1
0	0	2011-05-31.11:44:14	4	228	1
0	0	2011-05-31.11:44:18	4	228	1
0	0	2011-05-31.11:44:22	3	228	1
0	0	2011-05-31.11:44:26	3	228	1
0	0	2011-05-31.11:44:30	3	228	1
0	0	2011-05-31.11:44:34	3	228	1
0	0	2011-05-31.11:44:38	3	228	1
0	0	2011-05-31.11:44:42	2	228	1
0	0	2011-05-31.11:44:46	2	226	1
0	0	2011-05-31.11:44:50	2	226	1
0	0	2011-05-31.11:44:54	2	226	1
0	0	2011-05-31.11:44:58	2	226	1
0	0	2011-05-31.11:45:02	2	232	1
0	0	2011-05-31.11:45:06	1	228	1
0	0	2011-05-31.11:45:10	1	228	1
0	0	2011-05-31.11:45:14	1	228	1
0	0	2011-05-31.11:45:18	1	228	1
0	0	2011-05-31.11:45:22	1	228	1
0	0	2011-05-31.11:45:26	1	228	1
0	0	2011-05-31.11:45:30	1	228	1
0	0	2011-05-31.11:45:34	1	228	1
0	0	2011-05-31.11:45:39	1	228	1
0	0	2011-05-31.11:45:43	1	228	1
0	0	2011-05-31.11:45:47	1	226	1
0	0	2011-05-31.11:45:51	0	226	1
0	0	2011-05-31.11:45:55	0	226	1
0	0	2011-05-31.11:45:59	0	226	1
0	0	2011-05-31.11:46:03	0	232	1
0	0	2011-05-31.11:46:07	0	228	1
0	0	2011-05-31.11:46:11	0	228	1
0	0	2011-05-31.11:46:15	0	228	1
0	0	2011-05-31.11:46:19	0	228	1
0	0	2011-05-31.11:46:23	0	228	1
0	0	2011-05-31.11:46:27	0	228	1
0	0	2011-05-31.11:46:31	0	228	1
0	0	2011-05-31.11:46:35	0	228	1
0	0	2011-05-31.11:46:39	0	228	1
0	0	2011-05-31.11:46:43	0	228	1
0	0	2011-05-31.11:46:47	0	226	1
0	0	2011-05-31.11:46:51	0	226	1
0	0	2011-05-31.11:46:55	0	226	1
0	0	2011-05-31.11:46:59	0	226	1
0	0	2011-05-31.11:47:03	0	232	1
0	0	2011-05-31.11:47:07	0	228	1
0	0	2011-05-31.11:47:11	0	228	1
0	0	2011-05-31.11:47:16	0	228	1
0	0	2011-05-31.11:47:20	0	228	1
0	0	2011-05-31.11:47:24	0	228	1
0	0	2011-05-31.11:47:28	0	228	1
0	0	2011-05-31.11:47:32	0	228	1
0	0	2011-05-31.11:47:36	0	228	1
0	0	2011-05-31.11:47:40	0	228	1
0	0	2011-05-31.11:47:44	0	228	1
0	0	2011-05-31.11:47:48	0	226	1
0	0	2011-05-31.11:47:52	0	226	1
0	0	2011-05-31.11:47:56	0	226	1
0	0	2011-05-31.11:48:00	0	226	1
0	0	2011-05-31.11:48:04	0	232	1
0	0	2011-05-31.11:48:09	0	228	1
0	0	2011-05-31.11:48:13	0	228	1
0	0	2011-05-31.11:48:17	0	228	1
0	0	2011-05-31.11:48:21	0	228	1
0	0	2011-05-31.11:48:25	0	228	1
0	0	2011-05-31.11:48:29	0	228	1
0	0	2011-05-31.11:48:33	0	228	1
0	0	2011-05-31.11:48:37	0	228	1
0	0	2011-05-31.11:48:41	0	228	1
0	0	2011-05-31.11:48:45	0	226	1
0	0	2011-05-31.11:48:49	0	226	1
0	0	2011-05-31.11:48:54	8	226	1
0	0	2011-05-31.11:48:58	7	226	1
0	0	2011-05-31.11:49:02	7	232	1
0	0	2011-05-31.11:49:06	6	232	1
0	0	2011-05-31.11:49:10	6	228	1
0	0	2011-05-31.11:49:14	6	228	1
0	0	2011-05-31.11:49:18	5	228	1
0	0	2011-05-31.11:49:22	5	228	1
0	0	2011-05-31.11:49:26	12	228	1
0	0	2011-05-31.11:49:30	12	228	1
0	0	2011-05-31.11:49:34	11	228	1
0	0	2011-05-31.11:49:38	10	228	1
0	0	2011-05-31.11:49:42	10	228	1
0	0	2011-05-31.11:49:46	9	226	1
0	0	2011-05-31.11:49:50	9	226	1
0	0	2011-05-31.11:49:54	8	226	1
0	0	2011-05-31.11:49:58	15	226	1
0	0	2011-05-31.11:50:02	14	232	1
0	0	2011-05-31.11:50:06	13	228	1
0	0	2011-05-31.11:50:10	13	228	1
0	0	2011-05-31.11:50:14	12	228	1
0	0	2011-05-31.11:50:18	11	228	1
0	0	2011-05-31.11:50:23	18	228	1
0	0	2011-05-31.11:50:27	16	228	1
0	0	2011-05-31.11:50:31	15	228	1
0	0	2011-05-31.11:50:35	15	228	1
0	0	2011-05-31.11:50:39	14	228	1
0	0	2011-05-31.11:50:43	13	228	1
0	0	2011-05-31.11:50:47	12	226	1
0	0	2011-05-31.11:50:51	11	226	1
0	0	2011-05-31.11:50:55	11	226	1
0	0	2011-05-31.11:50:59	10	226	1
0	0	2011-05-31.11:51:03	9	232	1
0	0	2011-05-31.11:51:07	8	228	1
0	0	2011-05-31.11:51:11	8	228	1
0	0	2011-05-31.11:51:15	8	228	1
0	0	2011-05-31.11:51:19	7	228	1
0	0	2011-05-31.11:51:23	6	228	1
0	0	2011-05-31.11:51:27	6	228	1
0	0	2011-05-31.11:51:31	5	228	1
0	0	2011-05-31.11:51:35	5	228	1
0	0	2011-05-31.11:51:39	5	228	1
0	0	2011-05-31.11:51:44	5	228	1
0	0	2011-05-31.11:51:48	4	226	1
0	0	2011-05-31.11:51:52	4	226	1
0	0	2011-05-31.11:51:56	3	226	1
0	0	2011-05-31.11:52:00	3	226	1
0	0	2011-05-31.11:52:04	19	232	1
0	0	2011-05-31.11:52:08	18	228	1
0	0	2011-05-31.11:52:12	16	228	1
0	0	2011-05-31.11:52:16	15	228	1
0	0	2011-05-31.11:52:20	15	228	1
0	0	2011-05-31.11:52:24	14	228	1
0	0	2011-05-31.11:52:28	13	228	1
0	0	2011-05-31.11:52:32	12	228	1
0	0	2011-05-31.11:52:37	11	228	1
0	0	2011-05-31.11:52:41	10	228	1
0	0	2011-05-31.11:52:45	10	228	1
0	0	2011-05-31.11:52:49	9	226	1
0	0	2011-05-31.11:52:53	8	226	1
0	0	2011-05-31.11:52:57	8	226	1
0	0	2011-05-31.11:53:01	7	226	1
0	0	2011-05-31.11:53:05	7	232	1
0	0	2011-05-31.11:53:09	6	228	1
0	0	2011-05-31.11:53:13	6	228	1
0	0	2011-05-31.11:53:17	5	228	1
0	0	2011-05-31.11:53:21	5	228	1
0	0	2011-05-31.11:53:25	5	228	1
0	0	2011-05-31.11:53:29	4	228	1
0	0	2011-05-31.11:53:33	4	228	1
0	0	2011-05-31.11:53:37	4	228	1
0	0	2011-05-31.11:53:41	3	228	1
0	0	2011-05-31.11:53:45	3	228	1
0	0	2011-05-31.11:53:49	3	226	1
0	0	2011-05-31.11:53:53	3	226	1
0	0	2011-05-31.11:53:57	3	226	1
0	0	2011-05-31.11:54:01	2	234	1
0	0	2011-05-31.11:54:05	2	232	1
0	0	2011-05-31.11:54:10	2	228	1
0	0	2011-05-31.11:54:14	2	228	1
0	0	2011-05-31.11:54:18	2	228	1
0	0	2011-05-31.11:54:22	2	228	1
0	0	2011-05-31.11:54:26	1	228	1
0	0	2011-05-31.11:54:30	1	228	1
0	0	2011-05-31.11:54:34	1	228	1
0	0	2011-05-31.11:54:38	1	228	1
0	0	2011-05-31.11:54:42	1	228	1
0	0	2011-05-31.11:54:46	1	226	1
0	0	2011-05-31.11:54:50	1	226	1
0	0	2011-05-31.11:54:54	1	226	1
0	0	2011-05-31.11:54:58	1	226	1
0	0	2011-05-31.11:55:02	1	232	1
0	0	2011-05-31.11:55:06	1	232	1
0	0	2011-05-31.11:55:10	1	228	1
0	0	2011-05-31.11:55:14	0	228	1
0	0	2011-05-31.11:55:18	0	228	1
0	0	2011-05-31.11:55:22	0	228	1
0	0	2011-05-31.11:55:26	8	228	1
0	0	2011-05-31.11:55:30	8	228	1
0	0	2011-05-31.11:55:34	8	228	1
0	0	2011-05-31.11:55:38	7	228	1
0	0	2011-05-31.11:55:42	6	228	1
0	0	2011-05-31.11:55:47	6	226	1
0	0	2011-05-31.11:55:51	5	226	1
0	0	2011-05-31.11:55:55	5	226	1
0	0	2011-05-31.11:55:59	5	226	1
0	0	2011-05-31.11:56:03	5	232	1
0	0	2011-05-31.11:56:07	4	228	1
0	0	2011-05-31.11:56:11	4	228	1
0	0	2011-05-31.11:56:15	4	228	1
0	0	2011-05-31.11:56:19	3	229	1
0	0	2011-05-31.11:56:23	3	228	1
0	0	2011-05-31.11:56:27	3	228	1
0	0	2011-05-31.11:56:31	3	228	1
0	0	2011-05-31.11:56:35	3	228	1
0	0	2011-05-31.11:56:39	2	228	1
0	0	2011-05-31.11:56:43	2	228	1
0	0	2011-05-31.11:56:48	2	226	1
0	0	2011-05-31.11:56:52	2	226	1
0	0	2011-05-31.11:56:56	2	226	1
0	0	2011-05-31.11:57:00	2	226	1
0	0	2011-05-31.11:57:04	2	232	1
0	0	2011-05-31.11:57:08	1	228	1
0	0	2011-05-31.11:57:12	1	228	1
0	0	2011-05-31.11:57:16	1	228	1
0	0	2011-05-31.11:57:20	1	228	1
0	0	2011-05-31.11:57:24	1	228	1
0	0	2011-05-31.11:57:28	1	228	1
0	0	2011-05-31.11:57:32	1	228	1
0	0	2011-05-31.11:57:36	1	228	1
0	0	2011-05-31.11:57:40	1	228	1
0	0	2011-05-31.11:57:44	1	228	1
0	0	2011-05-31.11:57:48	1	226	1
0	0	2011-05-31.11:57:52	0	226	1
0	0	2011-05-31.11:57:56	0	226	1
0	0	2011-05-31.11:58:00	0	226	1
0	0	2011-05-31.11:58:05	8	232	1
0	0	2011-05-31.11:58:09	8	228	1
0	0	2011-05-31.11:58:13	7	228	1
0	0	2011-05-31.11:58:17	6	228	1
0	0	2011-05-31.11:58:21	6	228	1
0	0	2011-05-31.11:58:25	6	228	1
0	0	2011-05-31.11:58:29	5	228	1
0	0	2011-05-31.11:58:33	5	228	1
0	0	2011-05-31.11:58:37	5	228	1
0	0	2011-05-31.11:58:41	4	228	1
0	0	2011-05-31.11:58:46	4	228	1
0	0	2011-05-31.11:58:50	4	226	1
0	0	2011-05-31.11:58:54	4	226	1
0	0	2011-05-31.11:58:58	3	226	1
0	0	2011-05-31.11:59:02	3	232	1
0	0	2011-05-31.11:59:06	3	230	1
0	0	2011-05-31.11:59:10	3	228	1
0	0	2011-05-31.11:59:14	2	228	1
0	0	2011-05-31.11:59:18	2	228	1
0	0	2011-05-31.11:59:22	2	228	1
0	0	2011-05-31.11:59:26	2	228	1
0	0	2011-05-31.11:59:30	2	228	1
0	0	2011-05-31.11:59:34	2	228	1
0	0	2011-05-31.11:59:38	10	228	1
0	0	2011-05-31.11:59:42	9	228	1
0	0	2011-05-31.11:59:46	8	226	1
0	0	2011-05-31.11:59:50	8	226	1
0	0	2011-05-31.11:59:54	7	226	1
0	0	2011-05-31.11:59:58	7	226	1
0	0	2011-05-31.12:00:02	6	232	1
0	0	2011-05-31.12:00:06	6	228	1
0	0	2011-05-31.12:00:10	6	228	1
0	0	2011-05-31.12:00:14	5	228	1
0	0	2011-05-31.12:00:19	5	228	1
0	0	2011-05-31.12:00:23	4	228	1
0	0	2011-05-31.12:00:27	4	228	1
0	0	2011-05-31.12:00:31	4	228	1
0	0	2011-05-31.12:00:35	4	228	1
0	0	2011-05-31.12:00:39	3	228	1
0	0	2011-05-31.12:00:43	3	228	1
0	0	2011-05-31.12:00:47	3	226	1
0	0	2011-05-31.12:00:51	2	226	1
0	0	2011-05-31.12:00:55	2	226	1
0	0	2011-05-31.12:00:59	2	226	1
0	0	2011-05-31.12:01:03	2	232	1
0	0	2011-05-31.12:01:07	10	228	1
0	0	2011-05-31.12:01:11	9	228	1
0	0	2011-05-31.12:01:15	9	228	1
0	0	2011-05-31.12:01:19	8	228	1
0	0	2011-05-31.12:01:23	8	228	1
0	0	2011-05-31.12:01:27	7	228	1
0	0	2011-05-31.12:01:31	6	228	1
0	0	2011-05-31.12:01:35	6	228	1
0	0	2011-05-31.12:01:39	6	228	1
0	0	2011-05-31.12:01:43	5	228	1
0	0	2011-05-31.12:01:47	5	226	1
0	0	2011-05-31.12:01:52	4	226	1
0	0	2011-05-31.12:01:56	4	226	1
0	0	2011-05-31.12:02:00	4	226	1
0	0	2011-05-31.12:02:04	4	232	1
0	0	2011-05-31.12:02:08	3	228	1
0	0	2011-05-31.12:02:12	3	228	1
0	0	2011-05-31.12:02:16	3	228	1
0	0	2011-05-31.12:02:20	3	228	1
0	0	2011-05-31.12:02:24	3	228	1
0	0	2011-05-31.12:02:28	2	228	1
0	0	2011-05-31.12:02:33	2	228	1
0	0	2011-05-31.12:02:37	2	228	1
0	0	2011-05-31.12:02:41	2	228	1
0	0	2011-05-31.12:02:45	2	228	1
0	0	2011-05-31.12:02:49	2	226	1
0	0	2011-05-31.12:02:53	1	226	1
0	0	2011-05-31.12:02:57	1	226	1
0	0	2011-05-31.12:03:01	1	236	1
0	0	2011-05-31.12:03:05	1	232	1
0	0	2011-05-31.12:03:09	1	228	1
0	0	2011-05-31.12:03:13	1	228	1
0	0	2011-05-31.12:03:17	9	228	1
0	0	2011-05-31.12:03:21	8	228	1
0	0	2011-05-31.12:03:26	7	228	1
0	0	2011-05-31.12:03:31	7	228	1
0	0	2011-05-31.12:03:35	7	228	1
0	0	2011-05-31.12:03:39	6	228	1
0	0	2011-05-31.12:03:43	6	228	1
0	0	2011-05-31.12:03:47	21	226	1
0	0	2011-05-31.12:03:51	20	226	1
0	0	2011-05-31.12:03:55	20	226	1
0	0	2011-05-31.12:03:59	18	226	1
0	0	2011-05-31.12:04:03	16	232	1
0	0	2011-05-31.12:04:07	15	228	1
0	0	2011-05-31.12:04:11	14	228	1
0	0	2011-05-31.12:04:15	14	228	1
0	0	2011-05-31.12:04:19	13	228	1
0	0	2011-05-31.12:04:23	12	228	1
0	0	2011-05-31.12:04:27	11	228	1
0	0	2011-05-31.12:04:31	10	228	1
0	0	2011-05-31.12:04:35	10	228	1
0	0	2011-05-31.12:04:40	9	228	1
0	0	2011-05-31.12:04:44	8	228	1
0	0	2011-05-31.12:04:48	16	226	1
0	0	2011-05-31.12:04:52	14	226	1
0	0	2011-05-31.12:04:56	13	226	1
0	0	2011-05-31.12:05:00	13	226	1
0	0	2011-05-31.12:05:04	12	232	1
0	0	2011-05-31.12:05:08	11	228	1
0	0	2011-05-31.12:05:12	10	228	1
0	0	2011-05-31.12:05:16	9	228	1
0	0	2011-05-31.12:05:20	9	228	1
0	0	2011-05-31.12:05:24	9	228	1
0	0	2011-05-31.12:05:28	8	228	1
0	0	2011-05-31.12:05:32	7	228	1
0	0	2011-05-31.12:05:36	7	228	1
0	0	2011-05-31.12:05:40	7	228	1
0	0	2011-05-31.12:05:44	6	228	1
0	0	2011-05-31.12:05:48	6	226	1
0	0	2011-05-31.12:05:52	5	226	1
0	0	2011-05-31.12:05:56	5	226	1
0	0	2011-05-31.12:06:01	4	226	1
0	0	2011-05-31.12:06:05	4	232	1
0	0	2011-05-31.12:06:09	4	228	1
0	0	2011-05-31.12:06:13	4	228	1
0	0	2011-05-31.12:06:17	3	228	1
0	0	2011-05-31.12:06:21	3	228	1
0	0	2011-05-31.12:06:25	3	228	1
0	0	2011-05-31.12:06:29	3	228	1
0	0	2011-05-31.12:06:33	2	228	1
0	0	2011-05-31.12:06:37	2	228	1
0	0	2011-05-31.12:06:41	2	228	1
0	0	2011-05-31.12:06:45	2	226	1
0	0	2011-05-31.12:06:49	2	226	1
0	0	2011-05-31.12:06:53	2	226	1
0	0	2011-05-31.12:06:57	2	226	1
0	0	2011-05-31.12:07:01	1	232	1
0	0	2011-05-31.12:07:05	1	232	1
0	0	2011-05-31.12:07:09	1	228	1
0	0	2011-05-31.12:07:14	1	228	1
0	0	2011-05-31.12:07:18	1	228	1
0	0	2011-05-31.12:07:22	1	228	1
0	0	2011-05-31.12:07:26	1	228	1
0	0	2011-05-31.12:07:30	1	228	1
0	0	2011-05-31.12:07:34	9	228	1
0	0	2011-05-31.12:07:38	8	228	1
0	0	2011-05-31.12:07:42	7	228	1
0	0	2011-05-31.12:07:46	7	226	1
0	0	2011-05-31.12:07:50	7	226	1
0	0	2011-05-31.12:07:54	6	226	1
0	0	2011-05-31.12:07:58	6	226	1
0	0	2011-05-31.12:08:02	5	232	1
0	0	2011-05-31.12:08:06	5	230	1
0	0	2011-05-31.12:08:10	5	228	1
0	0	2011-05-31.12:08:15	4	228	1
0	0	2011-05-31.12:08:19	4	228	1
0	0	2011-05-31.12:08:23	4	228	1
0	0	2011-05-31.12:08:27	11	228	1
0	0	2011-05-31.12:08:31	10	228	1
0	0	2011-05-31.12:08:35	10	228	1
0	0	2011-05-31.12:08:39	10	228	1
0	0	2011-05-31.12:08:43	9	228	1
0	0	2011-05-31.12:08:47	8	226	1
0	0	2011-05-31.12:08:51	7	226	1
0	0	2011-05-31.12:08:55	7	226	1
0	0	2011-05-31.12:08:59	7	226	1
0	0	2011-05-31.12:09:03	6	232	1
0	0	2011-05-31.12:09:07	6	228	1
0	0	2011-05-31.12:09:12	5	228	1
0	0	2011-05-31.12:09:16	13	228	1
0	0	2011-05-31.12:09:20	13	228	1
0	0	2011-05-31.12:09:24	12	228	1
0	0	2011-05-31.12:09:28	11	228	1
0	0	2011-05-31.12:09:32	10	228	1
0	0	2011-05-31.12:09:36	9	228	1
0	0	2011-05-31.12:09:40	9	228	1
0	0	2011-05-31.12:09:44	8	228	1
0	0	2011-05-31.12:09:48	8	226	1
0	0	2011-05-31.12:09:52	7	226	1
0	0	2011-05-31.12:09:56	6	226	1
0	0	2011-05-31.12:10:00	6	226	1
0	0	2011-05-31.12:10:05	6	232	1
0	0	2011-05-31.12:10:09	5	228	1
0	0	2011-05-31.12:10:13	5	228	1
0	0	2011-05-31.12:10:17	4	228	1
0	0	2011-05-31.12:10:21	4	228	1
0	0	2011-05-31.12:10:25	4	228	1
0	0	2011-05-31.12:10:29	4	228	1
0	0	2011-05-31.12:10:33	3	228	1
