1	0	2011-05-31.09:00:04	20	243	28
0	0	2011-05-31.09:00:08	19	238	28
0	0	2011-05-31.09:00:13	17	238	28
0	0	2011-05-31.09:00:18	16	238	28
0	0	2011-05-31.09:00:22	14	236	28
1	0	2011-05-31.09:00:27	13	237	37
0	0	2011-05-31.09:00:32	12	237	37
0	0	2011-05-31.09:00:36	11	237	37
0	0	2011-05-31.09:00:41	10	237	43
0	0	2011-05-31.09:00:46	9	235	40
1	0	2011-05-31.09:00:51	9	235	39
0	0	2011-05-31.09:00:55	8	234	39
0	0	2011-05-31.09:01:00	8	232	36
1	0	2011-05-31.09:01:05	7	242	37
1	0	2011-05-31.09:01:09	7	240	40
1	0	2011-05-31.09:01:14	6	239	42
0	0	2011-05-31.09:01:18	6	238	45
2	1	2011-05-31.09:01:23	5	236	39
2	1	2011-05-31.09:01:28	5	238	50
1	0	2011-05-31.09:01:32	4	237	45
1	0	2011-05-31.09:01:37	4	237	41
1	0	2011-05-31.09:01:41	12	237	43
0	0	2011-05-31.09:01:46	11	232	40
0	0	2011-05-31.09:01:51	10	233	40
1	0	2011-05-31.09:01:55	9	234	38
1	0	2011-05-31.09:02:00	9	234	41
1	0	2011-05-31.09:02:04	8	244	46
1	0	2011-05-31.09:02:09	8	238	43
1	0	2011-05-31.09:02:13	7	237	43
1	0	2011-05-31.09:02:18	6	236	43
1	0	2011-05-31.09:02:23	6	235	35
1	0	2011-05-31.09:02:27	13	235	37
1	0	2011-05-31.09:02:32	12	237	42
2	1	2011-05-31.09:02:36	11	236	45
1	0	2011-05-31.09:02:41	10	236	45
2	1	2011-05-31.09:02:46	9	232	45
1	0	2011-05-31.09:02:50	9	233	40
1	0	2011-05-31.09:02:55	9	233	39
1	0	2011-05-31.09:02:59	8	234	42
1	0	2011-05-31.09:03:04	7	240	42
0	0	2011-05-31.09:03:08	7	234	42
1	0	2011-05-31.09:03:13	6	233	42
1	0	2011-05-31.09:03:18	6	236	48
1	0	2011-05-31.09:03:22	5	236	46
1	0	2011-05-31.09:03:27	5	241	58
1	0	2011-05-31.09:03:31	4	242	58
1	0	2011-05-31.09:03:36	4	240	56
1	0	2011-05-31.09:03:41	4	239	58
1	0	2011-05-31.09:03:45	3	234	56
1	0	2011-05-31.09:03:50	3	238	54
0	0	2011-05-31.09:03:55	3	234	54
1	0	2011-05-31.09:03:59	3	234	52
2	1	2011-05-31.09:04:04	18	243	54
3	1	2011-05-31.09:04:08	17	241	52
2	1	2011-05-31.09:04:13	32	243	55
2	1	2011-05-31.09:04:18	29	242	49
1	0	2011-05-31.09:04:22	27	246	58
1	0	2011-05-31.09:04:27	25	246	67
1	0	2011-05-31.09:04:31	23	252	84
1	0	2011-05-31.09:04:36	29	250	82
1	0	2011-05-31.09:04:41	26	242	78
1	0	2011-05-31.09:04:45	24	241	77
1	0	2011-05-31.09:04:50	24	241	78
1	0	2011-05-31.09:04:55	22	240	76
1	0	2011-05-31.09:04:59	29	240	78
1	0	2011-05-31.09:05:04	26	248	78
1	0	2011-05-31.09:05:08	24	242	78
1	0	2011-05-31.09:05:13	22	240	75
1	0	2011-05-31.09:05:18	20	241	75
1	0	2011-05-31.09:05:22	19	241	66
2	1	2011-05-31.09:05:27	25	242	71
3	1	2011-05-31.09:05:32	31	245	67
2	1	2011-05-31.09:05:36	37	245	69
2	1	2011-05-31.09:05:41	34	242	71
1	0	2011-05-31.09:05:45	31	241	80
0	0	2011-05-31.09:05:50	28	240	78
1	0	2011-05-31.09:05:55	28	240	74
1	0	2011-05-31.09:05:59	26	239	75
1	0	2011-05-31.09:06:04	24	250	63
1	0	2011-05-31.09:06:09	22	248	66
1	0	2011-05-31.09:06:13	20	256	83
1	0	2011-05-31.09:06:18	19	254	80
1	0	2011-05-31.09:06:22	17	246	75
1	0	2011-05-31.09:06:27	16	240	71
1	0	2011-05-31.09:06:32	14	244	77
1	0	2011-05-31.09:06:36	13	245	67
1	0	2011-05-31.09:06:41	12	251	84
1	0	2011-05-31.09:06:46	11	244	87
2	1	2011-05-31.09:06:50	18	240	81
4	2	2011-05-31.09:06:55	18	241	85
3	2	2011-05-31.09:07:00	17	238	82
2	1	2011-05-31.09:07:04	15	251	77
3	1	2011-05-31.09:07:09	14	249	74
1	0	2011-05-31.09:07:14	13	247	69
1	0	2011-05-31.09:07:18	12	249	68
1	0	2011-05-31.09:07:23	11	251	71
1	0	2011-05-31.09:07:28	10	255	89
1	0	2011-05-31.09:07:33	17	250	83
1	0	2011-05-31.09:07:37	16	247	76
1	0	2011-05-31.09:07:42	15	244	80
1	0	2011-05-31.09:07:46	13	245	72
1	0	2011-05-31.09:07:52	12	249	86
1	0	2011-05-31.09:07:56	11	252	81
1	0	2011-05-31.09:08:01	10	242	80
2	0	2011-05-31.09:08:06	18	254	98
2	1	2011-05-31.09:08:10	32	246	96
2	1	2011-05-31.09:08:15	46	241	91
2	1	2011-05-31.09:08:20	42	244	90
2	1	2011-05-31.09:08:25	42	243	78
1	0	2011-05-31.09:08:29	39	242	72
1	0	2011-05-31.09:08:34	35	241	78
1	0	2011-05-31.09:08:39	33	245	87
1	0	2011-05-31.09:08:43	30	243	83
1	0	2011-05-31.09:08:48	27	241	80
1	0	2011-05-31.09:08:53	33	241	82
1	0	2011-05-31.09:08:57	47	241	83
1	0	2011-05-31.09:09:02	51	252	84
1	0	2011-05-31.09:09:07	47	249	84
2	1	2011-05-31.09:09:11	51	242	75
1	0	2011-05-31.09:09:16	55	244	76
1	0	2011-05-31.09:09:20	74	251	80
1	0	2011-05-31.09:09:25	68	244	84
2	1	2011-05-31.09:09:30	68	253	84
3	1	2011-05-31.09:09:34	63	245	81
4	2	2011-05-31.09:09:39	74	244	78
2	1	2011-05-31.09:09:44	68	241	73
2	1	2011-05-31.09:09:48	62	239	75
1	0	2011-05-31.09:09:53	57	241	72
1	0	2011-05-31.09:09:58	53	238	66
1	0	2011-05-31.09:10:02	49	245	69
1	0	2011-05-31.09:10:07	45	244	69
5	0	2011-05-31.09:10:11	49	245	65
2	0	2011-05-31.09:10:16	45	248	65
1	0	2011-05-31.09:10:21	41	247	67
1	0	2011-05-31.09:10:26	38	245	71
1	0	2011-05-31.09:10:30	35	249	80
1	0	2011-05-31.09:10:35	35	250	92
1	0	2011-05-31.09:10:40	32	246	89
1	0	2011-05-31.09:10:44	30	249	81
1	0	2011-05-31.09:10:49	27	245	76
3	1	2011-05-31.09:10:54	25	244	73
3	1	2011-05-31.09:10:58	23	246	78
3	1	2011-05-31.09:11:03	21	255	90
2	1	2011-05-31.09:11:08	19	247	76
2	1	2011-05-31.09:11:12	18	245	80
2	1	2011-05-31.09:11:17	24	248	80
1	0	2011-05-31.09:11:22	22	246	87
1	0	2011-05-31.09:11:26	21	244	94
1	0	2011-05-31.09:11:31	19	246	90
1	0	2011-05-31.09:11:36	17	240	86
1	0	2011-05-31.09:11:40	16	241	79
1	0	2011-05-31.09:11:45	16	244	70
1	0	2011-05-31.09:11:50	15	246	66
1	0	2011-05-31.09:11:54	21	247	85
1	0	2011-05-31.09:11:59	20	246	85
1	0	2011-05-31.09:12:04	18	253	78
1	0	2011-05-31.09:12:08	17	247	75
1	0	2011-05-31.09:12:13	23	245	75
3	1	2011-05-31.09:12:18	21	247	73
4	2	2011-05-31.09:12:22	20	242	69
4	2	2011-05-31.09:12:27	26	245	67
2	1	2011-05-31.09:12:32	32	252	75
1	0	2011-05-31.09:12:36	29	250	75
1	0	2011-05-31.09:12:41	27	245	85
1	0	2011-05-31.09:12:46	33	245	78
1	0	2011-05-31.09:12:50	38	248	82
1	0	2011-05-31.09:12:55	38	251	85
1	0	2011-05-31.09:13:00	35	246	100
1	0	2011-05-31.09:13:04	32	252	100
4	0	2011-05-31.09:13:09	30	250	85
6	1	2011-05-31.09:13:14	35	254	104
1	0	2011-05-31.09:13:18	40	254	103
1	0	2011-05-31.09:13:23	37	245	94
1	0	2011-05-31.09:13:28	34	250	102
1	0	2011-05-31.09:13:32	31	254	95
3	1	2011-05-31.09:13:37	29	256	104
4	2	2011-05-31.09:13:42	43	257	108
4	2	2011-05-31.09:13:46	55	252	108
2	1	2011-05-31.09:13:51	75	249	97
2	1	2011-05-31.09:13:56	69	247	91
2	1	2011-05-31.09:14:00	63	242	82
2	0	2011-05-31.09:14:05	63	251	81
1	0	2011-05-31.09:14:10	58	253	80
1	0	2011-05-31.09:14:14	53	250	82
1	0	2011-05-31.09:14:19	49	253	86
1	0	2011-05-31.09:14:24	61	253	99
1	0	2011-05-31.09:14:28	56	255	94
1	0	2011-05-31.09:14:33	52	254	101
1	0	2011-05-31.09:14:38	48	247	106
1	0	2011-05-31.09:14:42	44	245	87
1	0	2011-05-31.09:14:47	40	244	81
1	0	2011-05-31.09:14:52	37	243	80
1	0	2011-05-31.09:14:56	34	246	83
3	1	2011-05-31.09:15:01	31	243	80
4	2	2011-05-31.09:15:05	29	248	79
4	2	2011-05-31.09:15:10	34	252	87
2	1	2011-05-31.09:15:15	34	249	82
2	1	2011-05-31.09:15:19	32	247	80
1	0	2011-05-31.09:15:24	29	249	86
1	0	2011-05-31.09:15:29	35	250	98
1	0	2011-05-31.09:15:34	32	256	101
1	0	2011-05-31.09:15:39	29	249	104
1	0	2011-05-31.09:15:43	27	254	97
1	0	2011-05-31.09:15:48	25	242	98
1	0	2011-05-31.09:15:53	23	240	90
1	0	2011-05-31.09:15:57	37	248	85
1	0	2011-05-31.09:16:02	42	258	91
1	0	2011-05-31.09:16:07	39	254	83
5	0	2011-05-31.09:16:11	35	254	92
4	0	2011-05-31.09:16:16	33	252	89
2	1	2011-05-31.09:16:21	46	257	86
4	2	2011-05-31.09:16:25	58	250	90
4	2	2011-05-31.09:16:30	58	251	84
2	1	2011-05-31.09:16:34	54	250	71
2	1	2011-05-31.09:16:39	49	252	67
1	0	2011-05-31.09:16:44	45	252	61
1	0	2011-05-31.09:16:48	50	250	80
1	0	2011-05-31.09:16:53	46	257	93
1	0	2011-05-31.09:16:58	42	255	87
1	0	2011-05-31.09:17:02	39	262	91
1	0	2011-05-31.09:17:07	43	249	93
1	0	2011-05-31.09:17:12	40	249	87
1	0	2011-05-31.09:17:16	37	247	80
1	0	2011-05-31.09:17:21	34	246	79
1	0	2011-05-31.09:17:26	31	243	75
1	0	2011-05-31.09:17:30	29	243	74
1	0	2011-05-31.09:17:35	29	243	72
1	0	2011-05-31.09:17:39	26	246	68
2	1	2011-05-31.09:17:44	24	246	75
4	2	2011-05-31.09:17:49	30	246	81
2	1	2011-05-31.09:17:53	36	243	75
2	1	2011-05-31.09:17:58	33	242	73
2	1	2011-05-31.09:18:02	30	249	75
2	1	2011-05-31.09:18:07	28	250	71
2	1	2011-05-31.09:18:12	26	245	72
1	0	2011-05-31.09:18:16	23	253	90
1	0	2011-05-31.09:18:21	22	257	84
1	0	2011-05-31.09:18:26	20	256	93
1	0	2011-05-31.09:18:30	18	249	92
1	0	2011-05-31.09:18:35	18	246	87
1	0	2011-05-31.09:18:40	17	245	87
1	0	2011-05-31.09:18:44	15	244	81
1	0	2011-05-31.09:18:49	14	241	75
1	0	2011-05-31.09:18:54	13	240	72
1	0	2011-05-31.09:18:58	12	240	69
3	1	2011-05-31.09:19:03	19	250	61
5	1	2011-05-31.09:19:07	17	258	88
9	2	2011-05-31.09:19:12	24	259	81
5	1	2011-05-31.09:19:17	30	254	86
2	1	2011-05-31.09:19:21	28	250	87
1	0	2011-05-31.09:19:26	25	251	91
1	0	2011-05-31.09:19:31	23	245	79
1	0	2011-05-31.09:19:35	21	247	79
1	0	2011-05-31.09:19:40	21	247	75
1	0	2011-05-31.09:19:44	20	245	75
1	0	2011-05-31.09:19:49	18	243	74
1	0	2011-05-31.09:19:54	17	245	72
1	0	2011-05-31.09:19:58	15	245	72
2	0	2011-05-31.09:20:03	14	262	90
1	0	2011-05-31.09:20:08	13	257	79
1	0	2011-05-31.09:20:12	12	256	99
1	0	2011-05-31.09:20:17	11	253	95
1	0	2011-05-31.09:20:22	10	243	86
2	1	2011-05-31.09:20:26	9	244	86
4	2	2011-05-31.09:20:31	8	245	81
2	1	2011-05-31.09:20:36	8	243	78
2	1	2011-05-31.09:20:40	7	246	70
1	0	2011-05-31.09:20:45	7	245	84
1	0	2011-05-31.09:20:49	6	248	80
1	0	2011-05-31.09:20:54	22	245	85
1	0	2011-05-31.09:20:59	20	244	90
1	0	2011-05-31.09:21:03	18	252	82
1	0	2011-05-31.09:21:08	17	250	76
1	0	2011-05-31.09:21:13	16	247	74
1	0	2011-05-31.09:21:17	22	250	83
1	0	2011-05-31.09:21:22	29	251	78
1	0	2011-05-31.09:21:27	26	250	94
1	0	2011-05-31.09:21:31	24	249	89
1	0	2011-05-31.09:21:36	22	248	82
1	0	2011-05-31.09:21:40	20	244	78
1	0	2011-05-31.09:21:45	27	244	73
3	1	2011-05-31.09:21:50	27	245	74
4	2	2011-05-31.09:21:54	25	248	81
3	2	2011-05-31.09:21:59	23	247	80
3	1	2011-05-31.09:22:04	21	258	87
4	1	2011-05-31.09:22:08	19	260	91
4	0	2011-05-31.09:22:13	25	254	90
1	0	2011-05-31.09:22:18	23	250	90
1	0	2011-05-31.09:22:22	22	247	89
1	0	2011-05-31.09:22:27	20	251	87
1	0	2011-05-31.09:22:32	18	255	84
1	0	2011-05-31.09:22:36	17	251	78
1	0	2011-05-31.09:22:41	15	249	78
1	0	2011-05-31.09:22:45	14	248	77
1	0	2011-05-31.09:22:50	13	246	77
1	0	2011-05-31.09:22:55	13	249	80
1	0	2011-05-31.09:22:59	12	252	89
1	0	2011-05-31.09:23:04	11	262	91
2	1	2011-05-31.09:23:09	10	254	87
4	2	2011-05-31.09:23:13	17	256	85
4	2	2011-05-31.09:23:18	24	260	97
2	1	2011-05-31.09:23:23	38	252	93
2	1	2011-05-31.09:23:28	35	247	83
3	1	2011-05-31.09:23:32	32	257	79
1	0	2011-05-31.09:23:37	45	258	83
1	0	2011-05-31.09:23:41	50	248	85
1	0	2011-05-31.09:23:46	46	245	86
1	0	2011-05-31.09:23:51	42	245	86
1	0	2011-05-31.09:23:55	55	246	88
1	0	2011-05-31.09:24:00	50	242	77
1	0	2011-05-31.09:24:05	50	249	76
1	0	2011-05-31.09:24:09	46	246	74
0	0	2011-05-31.09:24:14	43	245	72
1	0	2011-05-31.09:24:19	39	245	70
1	0	2011-05-31.09:24:23	36	248	65
2	1	2011-05-31.09:24:28	57	254	85
4	2	2011-05-31.09:24:32	60	253	82
3	1	2011-05-31.09:24:37	72	252	88
2	1	2011-05-31.09:24:42	66	248	89
2	1	2011-05-31.09:24:46	69	251	104
2	1	2011-05-31.09:24:51	79	248	101
2	1	2011-05-31.09:24:56	73	243	100
2	1	2011-05-31.09:25:00	67	242	93
1	0	2011-05-31.09:25:05	61	250	91
4	0	2011-05-31.09:25:10	61	254	83
2	0	2011-05-31.09:25:15	57	254	81
1	0	2011-05-31.09:25:20	52	256	78
1	0	2011-05-31.09:25:24	48	253	86
1	0	2011-05-31.09:25:29	44	253	83
1	0	2011-05-31.09:25:34	48	252	74
1	0	2011-05-31.09:25:38	44	254	81
1	0	2011-05-31.09:25:43	41	256	86
1	0	2011-05-31.09:25:48	38	252	79
2	1	2011-05-31.09:25:52	59	253	83
4	2	2011-05-31.09:25:57	70	255	83
4	2	2011-05-31.09:26:02	96	261	82
2	1	2011-05-31.09:26:06	97	258	80
2	1	2011-05-31.09:26:11	97	253	92
2	1	2011-05-31.09:26:16	97	253	90
1	0	2011-05-31.09:26:20	89	248	90
1	0	2011-05-31.09:26:25	89	252	81
1	0	2011-05-31.09:26:29	82	249	83
1	0	2011-05-31.09:26:34	75	249	91
1	0	2011-05-31.09:26:39	69	248	84
1	0	2011-05-31.09:26:43	64	249	88
1	0	2011-05-31.09:26:48	59	248	92
1	0	2011-05-31.09:26:53	62	245	92
1	0	2011-05-31.09:26:57	57	244	89
1	0	2011-05-31.09:27:02	52	253	89
1	0	2011-05-31.09:27:07	48	252	83
2	1	2011-05-31.09:27:11	44	249	79
2	1	2011-05-31.09:27:16	57	256	87
5	2	2011-05-31.09:27:20	52	260	96
5	3	2011-05-31.09:27:25	48	254	94
2	1	2011-05-31.09:27:30	48	251	98
2	1	2011-05-31.09:27:34	44	252	107
2	1	2011-05-31.09:27:39	41	249	107
1	0	2011-05-31.09:27:44	45	246	103
2	1	2011-05-31.09:27:48	42	246	98
1	0	2011-05-31.09:27:53	54	248	102
1	0	2011-05-31.09:27:58	50	246	99
1	0	2011-05-31.09:28:02	46	254	90
1	0	2011-05-31.09:28:07	42	252	90
4	0	2011-05-31.09:28:12	39	254	93
2	0	2011-05-31.09:28:16	44	264	87
1	0	2011-05-31.09:28:21	40	269	93
1	0	2011-05-31.09:28:26	37	263	99
1	0	2011-05-31.09:28:30	34	252	97
2	1	2011-05-31.09:28:35	34	253	93
4	2	2011-05-31.09:28:40	47	251	89
4	2	2011-05-31.09:28:44	43	252	87
4	2	2011-05-31.09:28:49	56	249	84
2	1	2011-05-31.09:28:54	67	256	76
1	0	2011-05-31.09:28:58	62	251	75
1	0	2011-05-31.09:29:03	57	258	73
1	0	2011-05-31.09:29:07	52	254	79
1	0	2011-05-31.09:29:12	56	254	83
1	0	2011-05-31.09:29:17	52	252	78
1	0	2011-05-31.09:29:21	47	250	81
1	0	2011-05-31.09:29:26	44	248	81
1	0	2011-05-31.09:29:31	40	247	82
1	0	2011-05-31.09:29:35	37	247	84
1	0	2011-05-31.09:29:40	37	246	79
1	0	2011-05-31.09:29:45	34	249	75
1	0	2011-05-31.09:29:49	31	250	79
2	1	2011-05-31.09:29:54	29	257	96
3	1	2011-05-31.09:29:58	26	253	91
5	2	2011-05-31.09:30:03	24	261	94
4	2	2011-05-31.09:30:08	22	251	93
2	1	2011-05-31.09:30:12	20	253	104
2	1	2011-05-31.09:30:17	19	252	98
2	1	2011-05-31.09:30:22	17	248	85
1	0	2011-05-31.09:30:26	16	246	84
1	0	2011-05-31.09:30:31	15	247	76
1	0	2011-05-31.09:30:36	13	253	95
1	0	2011-05-31.09:30:40	12	253	94
1	0	2011-05-31.09:30:45	12	249	96
1	0	2011-05-31.09:30:50	11	248	95
1	0	2011-05-31.09:30:54	10	250	87
1	0	2011-05-31.09:30:59	10	244	83
2	0	2011-05-31.09:31:04	9	257	88
3	0	2011-05-31.09:31:08	8	256	91
6	0	2011-05-31.09:31:13	7	255	84
6	1	2011-05-31.09:31:17	15	257	82
4	1	2011-05-31.09:31:22	29	254	97
4	2	2011-05-31.09:31:27	35	255	96
3	2	2011-05-31.09:31:31	40	254	92
2	1	2011-05-31.09:31:36	37	248	81
2	1	2011-05-31.09:31:41	34	251	89
2	1	2011-05-31.09:31:45	31	256	82
1	0	2011-05-31.09:31:50	31	258	88
1	0	2011-05-31.09:31:55	37	256	100
1	0	2011-05-31.09:31:59	34	253	93
1	0	2011-05-31.09:32:04	31	259	92
1	0	2011-05-31.09:32:09	29	258	87
1	0	2011-05-31.09:32:13	26	253	87
1	0	2011-05-31.09:32:18	24	249	85
1	0	2011-05-31.09:32:23	22	247	82
1	0	2011-05-31.09:32:27	20	257	79
1	0	2011-05-31.09:32:32	19	262	98
1	0	2011-05-31.09:32:37	41	256	93
3	1	2011-05-31.09:32:41	54	252	103
4	2	2011-05-31.09:32:46	58	248	99
4	2	2011-05-31.09:32:51	77	244	97
3	2	2011-05-31.09:32:55	79	245	101
2	1	2011-05-31.09:33:00	79	245	94
3	1	2011-05-31.09:33:04	80	254	93
2	1	2011-05-31.09:33:09	74	248	92
1	0	2011-05-31.09:33:14	68	246	89
1	0	2011-05-31.09:33:18	63	252	86
1	0	2011-05-31.09:33:23	58	253	78
1	0	2011-05-31.09:33:28	53	247	76
1	0	2011-05-31.09:33:32	49	247	76
1	0	2011-05-31.09:33:37	45	247	74
1	0	2011-05-31.09:33:42	41	247	81
1	0	2011-05-31.09:33:46	38	248	78
1	0	2011-05-31.09:33:51	35	251	85
1	0	2011-05-31.09:33:56	32	251	97
2	1	2011-05-31.09:34:00	45	252	103
3	1	2011-05-31.09:34:05	45	257	101
8	3	2011-05-31.09:34:09	42	256	95
10	3	2011-05-31.09:34:14	54	258	98
3	2	2011-05-31.09:34:19	50	254	96
2	1	2011-05-31.09:34:23	46	254	85
2	1	2011-05-31.09:34:28	42	257	76
1	0	2011-05-31.09:34:33	39	256	82
1	0	2011-05-31.09:34:37	36	259	85
1	0	2011-05-31.09:34:42	33	259	96
1	0	2011-05-31.09:34:47	30	252	91
1	0	2011-05-31.09:34:51	36	254	93
1	0	2011-05-31.09:34:56	33	250	90
1	0	2011-05-31.09:35:01	30	261	86
1	0	2011-05-31.09:35:05	28	260	79
1	0	2011-05-31.09:35:10	28	252	76
1	0	2011-05-31.09:35:15	26	250	78
1	0	2011-05-31.09:35:19	23	254	73
2	1	2011-05-31.09:35:24	54	251	73
4	2	2011-05-31.09:35:28	81	251	82
3	1	2011-05-31.09:35:33	83	255	76
2	1	2011-05-31.09:35:38	92	250	83
2	1	2011-05-31.09:35:42	93	251	82
1	0	2011-05-31.09:35:47	85	248	85
1	0	2011-05-31.09:35:52	78	247	85
1	0	2011-05-31.09:35:56	72	246	79
3	1	2011-05-31.09:36:01	66	258	76
1	0	2011-05-31.09:36:05	61	259	84
2	1	2011-05-31.09:36:10	61	255	79
1	0	2011-05-31.09:36:15	56	257	88
1	0	2011-05-31.09:36:20	52	255	88
1	0	2011-05-31.09:36:24	47	253	83
1	0	2011-05-31.09:36:29	60	256	74
1	0	2011-05-31.09:36:34	63	254	84
1	0	2011-05-31.09:36:39	66	260	108
1	0	2011-05-31.09:36:43	60	262	111
3	1	2011-05-31.09:36:48	56	253	109
4	2	2011-05-31.09:36:53	59	254	109
3	1	2011-05-31.09:36:57	54	252	114
3	1	2011-05-31.09:37:02	50	261	99
3	1	2011-05-31.09:37:07	46	260	95
6	1	2011-05-31.09:37:11	58	260	98
7	1	2011-05-31.09:37:16	62	267	115
4	0	2011-05-31.09:37:21	57	263	117
1	0	2011-05-31.09:37:25	52	259	109
1	0	2011-05-31.09:37:30	52	256	108
1	0	2011-05-31.09:37:35	56	256	108
1	0	2011-05-31.09:37:39	51	251	100
1	0	2011-05-31.09:37:44	47	250	99
1	0	2011-05-31.09:37:49	43	247	97
1	0	2011-05-31.09:37:53	40	249	86
1	0	2011-05-31.09:37:58	37	252	92
1	0	2011-05-31.09:38:03	34	261	89
2	1	2011-05-31.09:38:07	31	255	98
4	2	2011-05-31.09:38:12	45	258	97
4	2	2011-05-31.09:38:17	41	261	102
2	1	2011-05-31.09:38:21	46	255	102
2	1	2011-05-31.09:38:26	42	248	100
2	1	2011-05-31.09:38:31	39	251	98
1	0	2011-05-31.09:38:35	35	255	104
2	1	2011-05-31.09:38:40	35	252	99
1	0	2011-05-31.09:38:45	33	255	99
1	0	2011-05-31.09:38:49	30	250	96
1	0	2011-05-31.09:38:54	27	256	103
1	0	2011-05-31.09:38:59	33	258	96
3	1	2011-05-31.09:39:03	31	269	126
2	1	2011-05-31.09:39:08	28	263	116
3	1	2011-05-31.09:39:13	34	254	116
1	0	2011-05-31.09:39:17	31	255	115
1	0	2011-05-31.09:39:22	29	249	101
2	1	2011-05-31.09:39:27	26	247	103
3	1	2011-05-31.09:39:31	48	249	90
5	2	2011-05-31.09:39:36	68	255	78
4	2	2011-05-31.09:39:41	87	250	84
2	1	2011-05-31.09:39:45	104	247	91
2	1	2011-05-31.09:39:50	104	245	85
1	0	2011-05-31.09:39:55	112	248	87
1	0	2011-05-31.09:39:59	111	247	81
1	0	2011-05-31.09:40:04	102	256	89
3	0	2011-05-31.09:40:09	94	255	85
6	1	2011-05-31.09:40:13	94	259	90
5	0	2011-05-31.09:40:18	94	260	91
1	0	2011-05-31.09:40:23	95	254	91
1	0	2011-05-31.09:40:27	95	251	92
1	0	2011-05-31.09:40:32	88	253	101
1	0	2011-05-31.09:40:36	81	254	100
1	0	2011-05-31.09:40:41	74	248	98
1	0	2011-05-31.09:40:46	84	245	87
2	1	2011-05-31.09:40:50	101	249	92
4	2	2011-05-31.09:40:55	101	251	91
3	2	2011-05-31.09:41:00	117	249	86
3	1	2011-05-31.09:41:04	116	259	86
2	1	2011-05-31.09:41:09	115	256	92
1	0	2011-05-31.09:41:14	113	253	99
1	0	2011-05-31.09:41:18	104	254	96
1	0	2011-05-31.09:41:23	96	246	97
1	0	2011-05-31.09:41:28	88	244	93
1	0	2011-05-31.09:41:32	81	244	85
1	0	2011-05-31.09:41:37	75	243	84
1	0	2011-05-31.09:41:42	69	247	78
1	0	2011-05-31.09:41:46	71	244	81
1	0	2011-05-31.09:41:51	65	246	82
1	0	2011-05-31.09:41:55	60	244	82
1	0	2011-05-31.09:42:00	55	251	88
1	0	2011-05-31.09:42:05	55	256	86
3	1	2011-05-31.09:42:09	51	256	84
3	1	2011-05-31.09:42:14	47	259	91
4	2	2011-05-31.09:42:19	43	252	100
4	2	2011-05-31.09:42:23	39	247	96
2	1	2011-05-31.09:42:28	36	247	96
2	1	2011-05-31.09:42:33	33	246	91
2	1	2011-05-31.09:42:38	31	248	89
1	0	2011-05-31.09:42:43	28	249	89
1	0	2011-05-31.09:42:47	26	252	88
1	0	2011-05-31.09:42:52	24	255	96
1	0	2011-05-31.09:42:57	22	252	103
1	0	2011-05-31.09:43:01	20	264	95
1	0	2011-05-31.09:43:06	18	254	92
6	1	2011-05-31.09:43:11	25	259	97
2	0	2011-05-31.09:43:15	23	255	92
1	0	2011-05-31.09:43:20	23	254	92
1	0	2011-05-31.09:43:25	21	251	85
1	0	2011-05-31.09:43:29	19	251	88
2	1	2011-05-31.09:43:34	26	260	103
4	2	2011-05-31.09:43:39	24	257	105
4	2	2011-05-31.09:43:43	22	250	105
3	1	2011-05-31.09:43:48	44	246	105
2	1	2011-05-31.09:43:54	41	246	94
2	1	2011-05-31.09:43:59	37	248	91
1	0	2011-05-31.09:44:03	34	260	93
1	0	2011-05-31.09:44:08	39	249	91
1	0	2011-05-31.09:44:13	36	248	91
1	0	2011-05-31.09:44:17	33	248	93
1	0	2011-05-31.09:44:22	31	245	91
1	0	2011-05-31.09:44:27	28	245	93
1	0	2011-05-31.09:44:31	26	243	86
1	0	2011-05-31.09:44:36	24	241	77
1	0	2011-05-31.09:44:40	22	242	75
1	0	2011-05-31.09:44:45	22	249	82
1	0	2011-05-31.09:44:50	20	249	102
2	1	2011-05-31.09:44:54	18	246	102
4	2	2011-05-31.09:44:59	41	240	96
5	2	2011-05-31.09:45:04	46	251	97
4	2	2011-05-31.09:45:08	42	251	92
2	1	2011-05-31.09:45:13	39	249	90
2	1	2011-05-31.09:45:18	36	248	90
1	0	2011-05-31.09:45:23	33	246	86
2	1	2011-05-31.09:45:28	30	242	79
1	0	2011-05-31.09:45:32	44	248	79
1	0	2011-05-31.09:45:37	40	252	85
1	0	2011-05-31.09:45:42	45	250	87
1	0	2011-05-31.09:45:46	41	242	86
1	0	2011-05-31.09:45:51	38	241	78
1	0	2011-05-31.09:45:55	35	246	88
1	0	2011-05-31.09:46:00	35	244	88
1	0	2011-05-31.09:46:05	40	249	89
4	0	2011-05-31.09:46:09	37	250	84
4	0	2011-05-31.09:46:14	42	247	82
3	1	2011-05-31.09:46:19	38	249	86
4	2	2011-05-31.09:46:23	35	250	91
4	2	2011-05-31.09:46:28	33	247	90
2	1	2011-05-31.09:46:33	30	246	90
2	1	2011-05-31.09:46:37	27	246	84
1	0	2011-05-31.09:46:42	25	252	90
1	0	2011-05-31.09:46:47	23	247	92
1	0	2011-05-31.09:46:51	21	247	93
1	0	2011-05-31.09:46:56	20	246	97
1	0	2011-05-31.09:47:01	18	243	90
1	0	2011-05-31.09:47:05	16	251	89
1	0	2011-05-31.09:47:10	16	248	90
1	0	2011-05-31.09:47:15	15	244	89
1	0	2011-05-31.09:47:19	30	247	90
1	0	2011-05-31.09:47:24	27	242	82
1	0	2011-05-31.09:47:29	25	246	79
1	0	2011-05-31.09:47:33	31	246	79
1	0	2011-05-31.09:47:38	29	243	78
2	1	2011-05-31.09:47:42	26	242	75
4	2	2011-05-31.09:47:47	24	246	75
4	2	2011-05-31.09:47:52	22	244	78
2	1	2011-05-31.09:47:56	20	248	77
2	1	2011-05-31.09:48:01	27	242	77
2	1	2011-05-31.09:48:06	25	251	80
2	1	2011-05-31.09:48:10	23	247	80
1	0	2011-05-31.09:48:15	23	245	75
1	0	2011-05-31.09:48:19	21	247	76
1	0	2011-05-31.09:48:24	19	246	80
1	0	2011-05-31.09:48:29	17	250	84
1	0	2011-05-31.09:48:33	16	250	89
1	0	2011-05-31.09:48:38	15	249	86
1	0	2011-05-31.09:48:43	14	247	85
1	0	2011-05-31.09:48:47	12	244	87
1	0	2011-05-31.09:48:52	11	247	81
1	0	2011-05-31.09:48:57	10	242	83
2	1	2011-05-31.09:49:01	10	242	86
4	2	2011-05-31.09:49:06	9	249	86
8	2	2011-05-31.09:49:11	16	251	83
5	1	2011-05-31.09:49:15	15	256	84
2	1	2011-05-31.09:49:20	15	254	83
1	0	2011-05-31.09:49:24	14	246	79
1	0	2011-05-31.09:49:29	20	251	72
1	0	2011-05-31.09:49:34	19	254	74
1	0	2011-05-31.09:49:38	17	250	75
1	0	2011-05-31.09:49:43	16	245	72
1	0	2011-05-31.09:49:48	15	245	78
1	0	2011-05-31.09:49:52	13	247	80
1	0	2011-05-31.09:49:57	12	246	80
1	0	2011-05-31.09:50:02	11	258	77
1	0	2011-05-31.09:50:06	26	254	73
1	0	2011-05-31.09:50:11	40	249	78
1	0	2011-05-31.09:50:16	37	246	76
1	0	2011-05-31.09:50:20	34	250	69
3	1	2011-05-31.09:50:25	31	244	69
4	2	2011-05-31.09:50:30	31	247	77
2	1	2011-05-31.09:50:35	29	247	80
2	1	2011-05-31.09:50:39	26	244	80
1	0	2011-05-31.09:50:44	32	243	77
1	0	2011-05-31.09:50:48	30	247	93
1	0	2011-05-31.09:50:53	35	248	95
1	0	2011-05-31.09:50:58	32	248	100
3	1	2011-05-31.09:51:02	38	255	104
1	0	2011-05-31.09:51:07	35	256	116
2	1	2011-05-31.09:51:12	32	255	101
1	0	2011-05-31.09:51:16	37	254	109
1	0	2011-05-31.09:51:21	34	252	103
1	0	2011-05-31.09:51:26	32	249	97
1	0	2011-05-31.09:51:31	37	252	90
1	0	2011-05-31.09:51:36	42	255	102
1	0	2011-05-31.09:51:40	39	252	100
4	2	2011-05-31.09:51:45	84	253	101
4	2	2011-05-31.09:51:50	84	245	94
4	2	2011-05-31.09:51:54	101	247	99
3	2	2011-05-31.09:51:59	93	248	94
2	1	2011-05-31.09:52:04	85	252	91
4	1	2011-05-31.09:52:08	78	251	84
3	0	2011-05-31.09:52:13	88	255	82
1	0	2011-05-31.09:52:18	81	256	80
1	0	2011-05-31.09:52:22	75	255	92
1	0	2011-05-31.09:52:27	69	255	94
1	0	2011-05-31.09:52:32	63	254	87
1	0	2011-05-31.09:52:36	58	254	87
1	0	2011-05-31.09:52:41	53	255	83
1	0	2011-05-31.09:52:46	49	255	75
1	0	2011-05-31.09:52:50	45	248	73
1	0	2011-05-31.09:52:55	45	252	86
1	0	2011-05-31.09:52:59	49	252	84
3	1	2011-05-31.09:53:04	61	258	90
4	2	2011-05-31.09:53:09	56	249	88
5	3	2011-05-31.09:53:13	52	244	88
4	2	2011-05-31.09:53:18	56	245	95
2	1	2011-05-31.09:53:23	51	247	91
2	1	2011-05-31.09:53:27	47	248	95
1	0	2011-05-31.09:53:32	43	246	96
1	0	2011-05-31.09:53:37	40	247	95
1	0	2011-05-31.09:53:41	37	243	89
1	0	2011-05-31.09:53:46	34	244	103
1	0	2011-05-31.09:53:51	31	243	101
1	0	2011-05-31.09:53:55	28	243	93
1	0	2011-05-31.09:54:00	28	245	91
1	0	2011-05-31.09:54:05	26	249	86
2	1	2011-05-31.09:54:09	24	245	81
1	0	2011-05-31.09:54:14	38	251	94
1	0	2011-05-31.09:54:19	43	247	94
1	0	2011-05-31.09:54:23	40	243	93
2	1	2011-05-31.09:54:28	44	242	88
3	2	2011-05-31.09:54:33	57	241	88
6	3	2011-05-31.09:54:37	60	248	94
3	2	2011-05-31.09:54:42	55	246	97
2	1	2011-05-31.09:54:46	51	250	112
2	1	2011-05-31.09:54:51	47	246	112
1	0	2011-05-31.09:54:56	43	245	97
2	1	2011-05-31.09:55:01	40	259	91
1	0	2011-05-31.09:55:05	36	258	86
5	1	2011-05-31.09:55:10	50	263	82
2	0	2011-05-31.09:55:15	50	264	78
1	0	2011-05-31.09:55:20	54	264	75
1	0	2011-05-31.09:55:24	49	260	72
1	0	2011-05-31.09:55:29	45	263	69
0	0	2011-05-31.09:55:33	42	259	68
1	0	2011-05-31.09:55:38	38	259	68
1	0	2011-05-31.09:55:43	35	256	64
3	1	2011-05-31.09:55:47	32	273	98
3	1	2011-05-31.09:55:52	30	273	107
4	2	2011-05-31.09:55:57	43	252	105
3	1	2011-05-31.09:56:01	40	260	105
2	1	2011-05-31.09:56:06	37	256	98
2	1	2011-05-31.09:56:11	34	252	96
1	0	2011-05-31.09:56:15	31	251	90
1	0	2011-05-31.09:56:20	31	255	87
1	0	2011-05-31.09:56:25	28	259	86
1	0	2011-05-31.09:56:29	26	254	97
1	0	2011-05-31.09:56:34	40	255	98
1	0	2011-05-31.09:56:39	45	252	97
1	0	2011-05-31.09:56:43	41	253	104
1	0	2011-05-31.09:56:48	38	251	101
1	0	2011-05-31.09:56:53	35	245	97
1	0	2011-05-31.09:56:57	32	244	95
1	0	2011-05-31.09:57:02	29	255	101
1	0	2011-05-31.09:57:07	27	261	113
2	1	2011-05-31.09:57:11	25	264	121
3	1	2011-05-31.09:57:16	23	260	130
4	2	2011-05-31.09:57:21	21	256	120
4	2	2011-05-31.09:57:25	27	253	111
2	1	2011-05-31.09:57:30	27	252	107
2	1	2011-05-31.09:57:35	25	251	108
1	0	2011-05-31.09:57:39	23	250	101
1	0	2011-05-31.09:57:44	37	250	95
1	0	2011-05-31.09:57:49	34	248	103
1	0	2011-05-31.09:57:53	31	256	105
1	0	2011-05-31.09:57:58	29	257	108
3	1	2011-05-31.09:58:03	27	265	109
4	1	2011-05-31.09:58:07	24	263	107
8	1	2011-05-31.09:58:12	38	256	103
5	1	2011-05-31.09:58:17	35	264	93
1	0	2011-05-31.09:58:21	32	261	99
1	0	2011-05-31.09:58:26	30	257	105
2	1	2011-05-31.09:58:31	27	259	113
3	1	2011-05-31.09:58:35	41	262	108
4	2	2011-05-31.09:58:40	54	264	102
4	2	2011-05-31.09:58:45	54	255	102
2	1	2011-05-31.09:58:49	50	250	99
2	1	2011-05-31.09:58:54	62	253	103
2	1	2011-05-31.09:58:59	57	252	96
1	0	2011-05-31.09:59:03	52	260	91
1	0	2011-05-31.09:59:08	48	256	90
1	0	2011-05-31.09:59:13	44	254	105
1	0	2011-05-31.09:59:17	40	257	102
1	0	2011-05-31.09:59:22	37	251	94
1	0	2011-05-31.09:59:27	34	254	108
1	0	2011-05-31.09:59:31	31	254	109
1	0	2011-05-31.09:59:36	29	254	109
2	1	2011-05-31.09:59:41	27	251	102
1	0	2011-05-31.09:59:45	24	250	105
1	0	2011-05-31.09:59:50	30	249	109
2	1	2011-05-31.09:59:55	30	250	100
4	2	2011-05-31.09:59:59	52	247	99
5	2	2011-05-31.10:00:04	64	258	100
6	3	2011-05-31.10:00:09	75	259	100
4	2	2011-05-31.10:00:13	85	256	97
2	1	2011-05-31.10:00:18	78	252	99
2	1	2011-05-31.10:00:23	72	248	97
1	0	2011-05-31.10:00:28	66	247	93
1	0	2011-05-31.10:00:33	61	252	86
3	1	2011-05-31.10:00:37	56	258	89
1	0	2011-05-31.10:00:42	51	254	89
2	1	2011-05-31.10:00:47	63	255	103
1	0	2011-05-31.10:00:51	58	252	105
1	0	2011-05-31.10:00:56	53	256	100
1	0	2011-05-31.10:01:01	49	245	96
1	0	2011-05-31.10:01:05	45	254	99
3	0	2011-05-31.10:01:10	45	254	96
6	1	2011-05-31.10:01:15	49	253	96
10	2	2011-05-31.10:01:19	53	259	87
5	2	2011-05-31.10:01:24	57	258	91
4	2	2011-05-31.10:01:29	85	263	99
2	1	2011-05-31.10:01:33	86	267	105
2	1	2011-05-31.10:01:38	79	257	103
2	1	2011-05-31.10:01:43	73	254	105
2	1	2011-05-31.10:01:47	67	254	106
1	0	2011-05-31.10:01:52	61	253	100
1	0	2011-05-31.10:01:57	56	247	93
1	0	2011-05-31.10:02:01	60	260	90
1	0	2011-05-31.10:02:06	55	257	87
1	0	2011-05-31.10:02:10	51	251	87
1	0	2011-05-31.10:02:15	51	254	92
1	0	2011-05-31.10:02:20	55	251	89
1	0	2011-05-31.10:02:24	50	256	93
1	0	2011-05-31.10:02:29	46	255	97
1	0	2011-05-31.10:02:34	42	257	99
2	1	2011-05-31.10:02:38	39	255	106
4	2	2011-05-31.10:02:43	68	253	102
4	2	2011-05-31.10:02:48	86	246	98
2	1	2011-05-31.10:02:52	87	248	109
2	1	2011-05-31.10:02:57	80	248	108
3	1	2011-05-31.10:03:02	74	257	103
2	1	2011-05-31.10:03:07	76	256	108
3	1	2011-05-31.10:03:11	70	259	99
1	0	2011-05-31.10:03:16	64	253	97
1	0	2011-05-31.10:03:21	59	248	92
1	0	2011-05-31.10:03:25	54	254	88
1	0	2011-05-31.10:03:30	54	250	83
1	0	2011-05-31.10:03:34	50	254	102
1	0	2011-05-31.10:03:41	42	257	87
1	0	2011-05-31.10:03:45	39	253	100
1	0	2011-05-31.10:03:50	39	252	100
2	1	2011-05-31.10:03:55	36	255	95
3	1	2011-05-31.10:03:59	33	253	94
4	2	2011-05-31.10:04:04	30	257	92
8	3	2011-05-31.10:04:09	28	257	88
9	2	2011-05-31.10:04:13	42	254	93
5	1	2011-05-31.10:04:18	46	256	91
2	1	2011-05-31.10:04:23	42	250	91
1	0	2011-05-31.10:04:27	55	250	86
1	0	2011-05-31.10:04:32	51	253	89
1	0	2011-05-31.10:04:37	47	256	97
1	0	2011-05-31.10:04:41	59	256	92
1	0	2011-05-31.10:04:46	54	250	91
1	0	2011-05-31.10:04:51	50	251	90
1	0	2011-05-31.10:04:55	46	252	95
1	0	2011-05-31.10:05:00	46	252	99
1	0	2011-05-31.10:05:05	42	260	101
1	0	2011-05-31.10:05:09	39	252	101
1	0	2011-05-31.10:05:14	36	251	92
2	1	2011-05-31.10:05:19	33	251	92
2	1	2011-05-31.10:05:23	30	251	89
4	2	2011-05-31.10:05:28	28	248	91
4	2	2011-05-31.10:05:33	33	251	87
3	2	2011-05-31.10:05:37	31	250	84
2	1	2011-05-31.10:05:42	28	252	89
1	0	2011-05-31.10:05:46	34	248	90
1	0	2011-05-31.10:05:51	31	247	86
1	0	2011-05-31.10:05:56	53	249	88
2	1	2011-05-31.10:06:00	48	255	89
2	0	2011-05-31.10:06:05	48	263	105
2	1	2011-05-31.10:06:10	52	262	102
1	0	2011-05-31.10:06:14	48	260	109
1	0	2011-05-31.10:06:19	44	257	102
1	0	2011-05-31.10:06:24	41	249	94
2	1	2011-05-31.10:06:28	37	254	92
1	0	2011-05-31.10:06:33	34	250	92
1	0	2011-05-31.10:06:38	32	247	89
2	1	2011-05-31.10:06:42	29	249	83
3	1	2011-05-31.10:06:47	27	247	89
4	2	2011-05-31.10:06:52	41	248	89
6	3	2011-05-31.10:06:56	53	250	85
3	2	2011-05-31.10:07:01	57	249	85
2	1	2011-05-31.10:07:06	53	255	80
5	1	2011-05-31.10:07:10	72	258	83
5	1	2011-05-31.10:07:15	72	260	78
1	0	2011-05-31.10:07:20	66	255	77
1	0	2011-05-31.10:07:25	61	249	75
1	0	2011-05-31.10:07:29	56	254	70
1	0	2011-05-31.10:07:34	52	256	72
1	0	2011-05-31.10:07:39	47	264	108
1	0	2011-05-31.10:07:43	44	264	115
1	0	2011-05-31.10:07:48	40	252	107
1	0	2011-05-31.10:07:53	37	255	106
1	0	2011-05-31.10:07:58	34	250	97
3	1	2011-05-31.10:08:02	31	261	92
2	1	2011-05-31.10:08:07	29	256	86
4	2	2011-05-31.10:08:11	58	250	86
4	2	2011-05-31.10:08:16	62	249	87
2	1	2011-05-31.10:08:21	73	253	80
2	1	2011-05-31.10:08:25	75	253	85
1	0	2011-05-31.10:08:30	75	254	105
1	0	2011-05-31.10:08:35	77	253	90
1	0	2011-05-31.10:08:39	71	251	94
1	0	2011-05-31.10:08:44	65	248	87
1	0	2011-05-31.10:08:49	60	247	84
1	0	2011-05-31.10:08:53	55	249	82
1	0	2011-05-31.10:08:59	51	252	94
1	0	2011-05-31.10:09:03	46	261	96
1	0	2011-05-31.10:09:08	43	257	93
1	0	2011-05-31.10:09:13	39	255	96
1	0	2011-05-31.10:09:17	36	252	92
1	0	2011-05-31.10:09:22	41	251	92
2	1	2011-05-31.10:09:27	38	249	91
4	2	2011-05-31.10:09:31	43	248	89
5	3	2011-05-31.10:09:36	47	247	86
3	2	2011-05-31.10:09:41	43	250	83
2	1	2011-05-31.10:09:45	40	248	89
2	1	2011-05-31.10:09:50	40	246	89
1	0	2011-05-31.10:09:54	37	252	95
1	0	2011-05-31.10:09:59	42	247	84
1	0	2011-05-31.10:10:04	46	253	86
3	0	2011-05-31.10:10:08	43	256	93
4	0	2011-05-31.10:10:13	39	257	99
3	0	2011-05-31.10:10:18	44	261	114
1	0	2011-05-31.10:10:22	41	253	110
1	0	2011-05-31.10:10:27	37	250	111
1	0	2011-05-31.10:10:32	34	250	107
1	0	2011-05-31.10:10:36	31	249	107
1	0	2011-05-31.10:10:41	37	250	99
1	0	2011-05-31.10:10:46	34	251	100
4	2	2011-05-31.10:10:50	39	255	98
4	2	2011-05-31.10:10:55	39	252	102
3	2	2011-05-31.10:11:00	44	251	95
2	1	2011-05-31.10:11:04	40	261	99
2	1	2011-05-31.10:11:09	37	257	100
2	1	2011-05-31.10:11:14	34	262	101
1	0	2011-05-31.10:11:18	31	264	111
1	0	2011-05-31.10:11:23	45	254	107
1	0	2011-05-31.10:11:28	41	249	98
1	0	2011-05-31.10:11:32	38	251	92
1	0	2011-05-31.10:11:37	35	254	95
1	0	2011-05-31.10:11:42	32	251	99
1	0	2011-05-31.10:11:46	29	246	94
1	0	2011-05-31.10:11:51	35	249	92
1	0	2011-05-31.10:11:56	32	250	91
1	0	2011-05-31.10:12:00	30	251	96
1	0	2011-05-31.10:12:05	30	261	92
2	1	2011-05-31.10:12:10	27	250	95
4	2	2011-05-31.10:12:14	33	249	89
6	3	2011-05-31.10:12:19	38	254	86
4	2	2011-05-31.10:12:24	43	251	94
2	1	2011-05-31.10:12:28	40	252	91
2	1	2011-05-31.10:12:33	53	259	101
1	0	2011-05-31.10:12:38	48	256	99
1	0	2011-05-31.10:12:42	44	248	92
2	1	2011-05-31.10:12:47	41	249	101
1	0	2011-05-31.10:12:52	38	255	101
1	0	2011-05-31.10:12:57	35	251	97
3	1	2011-05-31.10:13:01	32	260	85
2	0	2011-05-31.10:13:06	37	263	95
5	0	2011-05-31.10:13:11	34	262	94
1	0	2011-05-31.10:13:15	31	258	94
1	0	2011-05-31.10:13:20	31	255	90
1	0	2011-05-31.10:13:25	29	251	84
1	0	2011-05-31.10:13:29	27	252	81
2	1	2011-05-31.10:13:34	24	252	76
4	2	2011-05-31.10:13:39	22	253	82
4	2	2011-05-31.10:13:43	21	254	80
2	1	2011-05-31.10:13:48	35	254	92
2	1	2011-05-31.10:13:52	32	256	89
1	0	2011-05-31.10:13:57	30	254	82
3	1	2011-05-31.10:14:02	27	262	83
1	0	2011-05-31.10:14:06	25	258	81
1	0	2011-05-31.10:14:11	23	249	77
1	0	2011-05-31.10:14:16	21	255	67
1	0	2011-05-31.10:14:20	19	256	66
1	0	2011-05-31.10:14:25	19	252	77
1	0	2011-05-31.10:14:29	18	252	78
1	0	2011-05-31.10:14:34	16	250	76
3	1	2011-05-31.10:14:39	15	265	76
1	0	2011-05-31.10:14:43	14	265	96
1	0	2011-05-31.10:14:48	13	256	104
3	1	2011-05-31.10:14:53	28	258	103
4	2	2011-05-31.10:14:57	25	248	96
5	2	2011-05-31.10:15:02	39	259	87
2	1	2011-05-31.10:15:07	36	258	86
2	1	2011-05-31.10:15:11	33	256	95
1	0	2011-05-31.10:15:16	31	254	90
1	0	2011-05-31.10:15:21	60	258	79
1	0	2011-05-31.10:15:25	63	251	79
1	0	2011-05-31.10:15:30	63	247	77
1	0	2011-05-31.10:15:35	58	247	76
1	0	2011-05-31.10:15:39	54	249	73
1	0	2011-05-31.10:15:44	49	253	84
1	0	2011-05-31.10:15:48	53	253	79
1	0	2011-05-31.10:15:53	57	252	94
1	0	2011-05-31.10:15:58	52	249	90
1	0	2011-05-31.10:16:02	48	255	91
2	0	2011-05-31.10:16:07	44	255	78
5	1	2011-05-31.10:16:12	41	254	79
7	1	2011-05-31.10:16:16	53	251	72
4	2	2011-05-31.10:16:21	49	261	71
4	2	2011-05-31.10:16:26	61	265	92
2	1	2011-05-31.10:16:30	56	262	102
1	0	2011-05-31.10:16:35	56	254	102
1	0	2011-05-31.10:16:40	68	253	102
1	0	2011-05-31.10:16:44	62	250	92
1	0	2011-05-31.10:16:49	57	251	87
1	0	2011-05-31.10:16:54	61	248	77
1	0	2011-05-31.10:16:58	56	246	74
1	0	2011-05-31.10:17:03	59	254	73
1	0	2011-05-31.10:17:07	55	249	71
1	0	2011-05-31.10:17:12	50	251	70
1	0	2011-05-31.10:17:17	46	251	67
1	0	2011-05-31.10:17:21	42	247	64
1	0	2011-05-31.10:17:26	39	248	57
1	0	2011-05-31.10:17:31	36	255	72
1	0	2011-05-31.10:17:35	33	254	78
3	1	2011-05-31.10:17:40	33	254	82
3	1	2011-05-31.10:17:45	30	248	82
2	1	2011-05-31.10:17:49	68	246	94
2	1	2011-05-31.10:17:54	70	245	91
1	0	2011-05-31.10:17:58	65	242	82
2	0	2011-05-31.10:18:03	60	251	79
1	0	2011-05-31.10:18:08	55	250	79
1	0	2011-05-31.10:18:13	50	251	70
1	0	2011-05-31.10:18:17	46	252	70
1	0	2011-05-31.10:18:22	43	247	68
1	0	2011-05-31.10:18:27	39	248	68
1	0	2011-05-31.10:18:31	36	248	63
1	0	2011-05-31.10:18:36	33	252	57
1	0	2011-05-31.10:18:41	30	253	56
1	0	2011-05-31.10:18:45	28	259	95
1	0	2011-05-31.10:18:50	28	259	95
1	0	2011-05-31.10:18:55	26	249	93
2	1	2011-05-31.10:18:59	24	246	94
5	2	2011-05-31.10:19:04	22	254	93
4	1	2011-05-31.10:19:09	20	252	86
6	1	2011-05-31.10:19:13	26	253	89
4	1	2011-05-31.10:19:18	32	255	85
1	0	2011-05-31.10:19:23	38	253	84
1	0	2011-05-31.10:19:27	35	253	86
1	0	2011-05-31.10:19:32	32	249	82
1	0	2011-05-31.10:19:37	29	249	81
1	0	2011-05-31.10:19:41	35	252	75
1	0	2011-05-31.10:19:46	48	256	80
1	0	2011-05-31.10:19:50	44	257	86
1	0	2011-05-31.10:19:55	41	261	80
1	0	2011-05-31.10:20:00	41	257	96
3	1	2011-05-31.10:20:04	37	266	102
1	0	2011-05-31.10:20:09	34	267	117
1	0	2011-05-31.10:20:14	32	256	111
2	1	2011-05-31.10:20:19	29	261	105
3	1	2011-05-31.10:20:24	43	257	99
3	1	2011-05-31.10:20:29	47	257	90
2	1	2011-05-31.10:20:33	59	257	82
3	1	2011-05-31.10:20:38	55	265	107
2	0	2011-05-31.10:20:43	50	280	125
1	0	2011-05-31.10:20:48	46	271	121
1	0	2011-05-31.10:20:52	43	259	123
1	0	2011-05-31.10:20:57	47	256	119
1	0	2011-05-31.10:21:02	43	265	109
1	0	2011-05-31.10:21:06	48	264	100
3	1	2011-05-31.10:21:11	44	258	90
1	0	2011-05-31.10:21:16	40	265	90
1	0	2011-05-31.10:21:20	37	266	99
1	0	2011-05-31.10:21:25	66	271	107
1	0	2011-05-31.10:21:30	66	262	100
3	1	2011-05-31.10:21:35	61	265	102
2	1	2011-05-31.10:21:39	56	262	102
4	2	2011-05-31.10:21:44	51	258	100
5	2	2011-05-31.10:21:49	55	262	89
4	2	2011-05-31.10:21:53	51	254	88
2	1	2011-05-31.10:21:58	47	253	79
2	1	2011-05-31.10:22:03	59	261	82
1	0	2011-05-31.10:22:07	54	257	82
6	0	2011-05-31.10:22:12	66	257	78
4	0	2011-05-31.10:22:16	69	268	69
1	0	2011-05-31.10:22:21	63	261	63
1	0	2011-05-31.10:22:26	58	258	58
1	0	2011-05-31.10:22:31	53	255	53
1	0	2011-05-31.10:22:35	49	255	57
2	1	2011-05-31.10:22:36	49	255	57
2	1	2011-05-31.10:22:36	49	255	57
3	1	2011-05-31.10:22:36	49	256	59
1	0	2011-05-31.10:22:41	45	267	89
1	0	2011-05-31.10:22:46	41	264	87
1	0	2011-05-31.10:22:50	38	256	93
1	0	2011-05-31.10:22:55	38	257	91
1	0	2011-05-31.10:23:00	35	257	88
3	1	2011-05-31.10:23:04	32	264	85
4	2	2011-05-31.10:23:09	38	257	78
4	2	2011-05-31.10:23:14	59	257	73
4	2	2011-05-31.10:23:18	54	261	70
2	1	2011-05-31.10:23:23	50	257	73
1	0	2011-05-31.10:23:28	46	258	79
1	0	2011-05-31.10:23:32	42	262	95
1	0	2011-05-31.10:23:37	39	261	99
1	0	2011-05-31.10:23:42	35	262	96
1	0	2011-05-31.10:23:46	33	250	88
1	0	2011-05-31.10:23:51	30	251	84
1	0	2011-05-31.10:23:55	27	252	82
1	0	2011-05-31.10:24:00	25	258	85
1	0	2011-05-31.10:24:05	25	260	84
1	0	2011-05-31.10:24:09	23	259	87
1	0	2011-05-31.10:24:14	29	254	84
1	0	2011-05-31.10:24:19	27	257	81
2	1	2011-05-31.10:24:23	25	261	87
3	1	2011-05-31.10:24:28	23	256	85
4	2	2011-05-31.10:24:33	21	258	94
4	2	2011-05-31.10:24:37	19	257	86
2	1	2011-05-31.10:24:42	26	255	92
2	1	2011-05-31.10:24:47	24	261	86
2	1	2011-05-31.10:24:51	22	254	89
1	0	2011-05-31.10:24:56	20	257	93
1	0	2011-05-31.10:25:01	18	253	89
2	1	2011-05-31.10:25:05	17	265	87
5	1	2011-05-31.10:25:10	17	259	87
3	0	2011-05-31.10:25:15	15	256	79
1	0	2011-05-31.10:25:19	22	262	80
1	0	2011-05-31.10:25:24	20	256	75
1	0	2011-05-31.10:25:29	19	256	71
1	0	2011-05-31.10:25:33	33	259	78
1	0	2011-05-31.10:25:38	31	258	80
1	0	2011-05-31.10:25:42	28	259	78
2	1	2011-05-31.10:25:47	26	259	78
4	2	2011-05-31.10:25:52	24	260	94
4	2	2011-05-31.10:25:57	22	264	89
2	1	2011-05-31.10:26:01	20	264	82
3	1	2011-05-31.10:26:06	18	274	68
2	1	2011-05-31.10:26:11	17	259	62
2	1	2011-05-31.10:26:16	16	266	85
1	0	2011-05-31.10:26:20	14	267	86
1	0	2011-05-31.10:26:25	14	261	102
1	0	2011-05-31.10:26:30	13	266	103
1	0	2011-05-31.10:26:34	28	266	117
1	0	2011-05-31.10:26:39	26	257	115
1	0	2011-05-31.10:26:44	24	250	109
1	0	2011-05-31.10:26:48	22	251	98
1	0	2011-05-31.10:26:53	20	251	90
1	0	2011-05-31.10:26:58	18	250	88
2	0	2011-05-31.10:27:02	17	265	92
2	1	2011-05-31.10:27:07	16	265	101
3	1	2011-05-31.10:27:12	30	259	100
4	2	2011-05-31.10:27:16	44	252	95
2	1	2011-05-31.10:27:21	48	258	86
2	1	2011-05-31.10:27:26	44	257	102
1	0	2011-05-31.10:27:30	41	255	88
2	1	2011-05-31.10:27:35	54	254	79
1	0	2011-05-31.10:27:40	54	255	73
1	0	2011-05-31.10:27:44	57	255	76
1	0	2011-05-31.10:27:49	61	259	102
1	0	2011-05-31.10:27:54	56	259	98
1	0	2011-05-31.10:27:59	51	252	94
1	0	2011-05-31.10:28:03	47	257	86
2	0	2011-05-31.10:28:08	43	260	94
4	0	2011-05-31.10:28:13	40	263	86
5	0	2011-05-31.10:28:17	45	259	85
2	0	2011-05-31.10:28:22	41	255	86
1	0	2011-05-31.10:28:27	38	259	79
3	1	2011-05-31.10:28:31	51	257	92
4	2	2011-05-31.10:28:36	63	257	90
4	2	2011-05-31.10:28:41	58	259	94
2	1	2011-05-31.10:28:45	69	262	86
2	1	2011-05-31.10:28:50	69	262	90
2	1	2011-05-31.10:28:55	63	260	104
1	0	2011-05-31.10:28:59	58	258	104
1	0	2011-05-31.10:29:04	54	265	98
1	0	2011-05-31.10:29:09	49	263	95
1	0	2011-05-31.10:29:14	45	260	85
1	0	2011-05-31.10:29:19	42	267	83
1	0	2011-05-31.10:29:24	38	268	82
2	1	2011-05-31.10:29:31	40	278	78
1	0	2011-05-31.10:29:36	37	282	95
1	0	2011-05-31.10:29:41	34	269	81
1	0	2011-05-31.10:29:47	31	262	79
2	1	2011-05-31.10:29:52	28	264	88
4	2	2011-05-31.10:29:56	42	272	108
5	2	2011-05-31.10:30:01	39	279	107
4	2	2011-05-31.10:30:06	36	262	101
2	1	2011-05-31.10:30:10	33	259	103
2	1	2011-05-31.10:30:15	30	258	102
1	0	2011-05-31.10:30:20	30	256	100
1	0	2011-05-31.10:30:24	28	252	95
1	0	2011-05-31.10:30:29	25	252	91
1	0	2011-05-31.10:30:34	23	252	92
1	0	2011-05-31.10:30:38	21	256	99
1	0	2011-05-31.10:30:43	20	265	102
1	0	2011-05-31.10:30:48	18	261	99
2	1	2011-05-31.10:30:52	17	260	99
3	1	2011-05-31.10:30:57	15	267	110
1	0	2011-05-31.10:31:02	14	268	107
2	0	2011-05-31.10:31:07	29	262	96
6	1	2011-05-31.10:31:11	35	262	94
4	1	2011-05-31.10:31:16	40	263	90
4	2	2011-05-31.10:31:21	45	261	94
4	2	2011-05-31.10:31:25	41	264	106
2	1	2011-05-31.10:31:30	41	262	103
2	1	2011-05-31.10:31:35	46	260	108
1	0	2011-05-31.10:31:39	42	262	97
2	1	2011-05-31.10:31:44	39	264	94
1	0	2011-05-31.10:31:49	35	259	99
1	0	2011-05-31.10:31:53	33	258	110
1	0	2011-05-31.10:31:58	30	253	102
3	1	2011-05-31.10:32:03	28	261	95
2	1	2011-05-31.10:32:08	25	264	81
1	0	2011-05-31.10:32:13	23	265	107
1	0	2011-05-31.10:32:17	21	266	113
1	0	2011-05-31.10:32:22	20	266	124
1	0	2011-05-31.10:32:27	18	258	116
1	0	2011-05-31.10:32:32	17	252	113
3	1	2011-05-31.10:32:36	23	255	114
4	2	2011-05-31.10:32:41	21	255	109
4	2	2011-05-31.10:32:46	44	248	104
3	1	2011-05-31.10:32:51	40	255	91
2	1	2011-05-31.10:32:55	45	253	91
1	0	2011-05-31.10:33:00	41	248	86
1	0	2011-05-31.10:33:05	38	258	86
1	0	2011-05-31.10:33:11	35	259	85
1	0	2011-05-31.10:33:17	32	263	72
1	0	2011-05-31.10:33:21	29	263	84
1	0	2011-05-31.10:33:26	35	261	79
3	1	2011-05-31.10:33:31	32	267	113
1	0	2011-05-31.10:33:35	30	269	110
1	0	2011-05-31.10:33:40	30	259	101
1	0	2011-05-31.10:33:45	35	259	105
1	0	2011-05-31.10:33:49	32	253	104
2	1	2011-05-31.10:33:54	30	253	104
2	1	2011-05-31.10:33:59	27	256	92
6	3	2011-05-31.10:34:03	33	267	79
7	3	2011-05-31.10:34:08	47	269	95
8	2	2011-05-31.10:34:13	59	271	112
4	1	2011-05-31.10:34:17	86	263	108
2	1	2011-05-31.10:34:22	79	258	101
2	1	2011-05-31.10:34:27	97	258	101
2	1	2011-05-31.10:34:32	89	259	95
2	1	2011-05-31.10:34:36	82	264	90
1	0	2011-05-31.10:34:41	75	262	81
1	0	2011-05-31.10:34:45	69	267	104
1	0	2011-05-31.10:34:50	72	264	113
1	0	2011-05-31.10:34:55	72	259	104
1	0	2011-05-31.10:34:59	74	259	108
2	1	2011-05-31.10:35:04	68	264	103
1	0	2011-05-31.10:35:09	62	260	99
1	0	2011-05-31.10:35:13	65	258	93
2	1	2011-05-31.10:35:18	84	255	91
4	2	2011-05-31.10:35:23	101	258	86
5	3	2011-05-31.10:35:28	109	257	81
3	2	2011-05-31.10:35:33	101	255	77
3	1	2011-05-31.10:35:37	92	267	112
1	0	2011-05-31.10:35:42	85	266	105
1	0	2011-05-31.10:35:47	78	265	103
3	1	2011-05-31.10:35:51	80	259	118
1	0	2011-05-31.10:35:56	89	261	127
1	0	2011-05-31.10:36:01	82	256	116
3	1	2011-05-31.10:36:06	84	266	110
2	1	2011-05-31.10:36:10	77	260	104
2	1	2011-05-31.10:36:15	71	265	115
1	0	2011-05-31.10:36:20	71	259	111
1	0	2011-05-31.10:36:25	65	256	103
1	0	2011-05-31.10:36:29	60	253	104
1	0	2011-05-31.10:36:34	55	251	104
1	0	2011-05-31.10:36:39	59	251	104
2	1	2011-05-31.10:36:43	54	250	104
6	3	2011-05-31.10:36:48	49	249	102
5	3	2011-05-31.10:36:53	61	251	100
3	2	2011-05-31.10:36:58	57	251	100
2	1	2011-05-31.10:37:02	52	260	95
3	1	2011-05-31.10:37:07	64	259	95
6	1	2011-05-31.10:37:12	59	263	96
4	0	2011-05-31.10:37:16	70	260	96
4	1	2011-05-31.10:37:21	64	263	99
1	0	2011-05-31.10:37:26	59	268	105
1	0	2011-05-31.10:37:30	54	263	112
1	0	2011-05-31.10:37:35	50	265	111
1	0	2011-05-31.10:37:40	50	258	103
1	0	2011-05-31.10:37:45	46	258	105
1	0	2011-05-31.10:37:49	50	261	109
1	0	2011-05-31.10:37:54	46	260	98
2	1	2011-05-31.10:37:59	43	258	90
3	1	2011-05-31.10:38:04	39	269	89
5	2	2011-05-31.10:38:09	76	266	88
4	2	2011-05-31.10:38:13	70	266	90
3	1	2011-05-31.10:38:18	64	270	90
3	1	2011-05-31.10:38:23	67	278	134
1	0	2011-05-31.10:38:27	62	272	133
2	1	2011-05-31.10:38:32	57	262	117
3	1	2011-05-31.10:38:37	52	259	109
2	1	2011-05-31.10:38:41	48	256	106
1	0	2011-05-31.10:38:46	44	249	102
2	1	2011-05-31.10:38:51	41	251	99
2	1	2011-05-31.10:38:55	37	258	104
1	0	2011-05-31.10:39:00	37	261	115
1	0	2011-05-31.10:39:05	34	265	113
2	1	2011-05-31.10:39:09	39	261	116
1	0	2011-05-31.10:39:14	36	256	117
1	0	2011-05-31.10:39:19	33	261	100
2	1	2011-05-31.10:39:24	39	261	107
4	2	2011-05-31.10:39:28	44	255	105
6	3	2011-05-31.10:39:33	48	258	99
5	2	2011-05-31.10:39:38	52	262	107
3	1	2011-05-31.10:39:42	56	265	117
2	1	2011-05-31.10:39:47	68	256	117
2	1	2011-05-31.10:39:52	62	250	110
2	1	2011-05-31.10:39:57	57	249	102
1	0	2011-05-31.10:40:02	53	261	105
1	0	2011-05-31.10:40:06	48	257	102
5	1	2011-05-31.10:40:11	52	259	99
4	0	2011-05-31.10:40:16	56	258	99
2	0	2011-05-31.10:40:20	60	259	92
1	0	2011-05-31.10:40:25	60	260	79
1	0	2011-05-31.10:40:30	55	256	78
1	0	2011-05-31.10:40:35	50	257	76
1	0	2011-05-31.10:40:39	46	256	79
3	1	2011-05-31.10:40:44	43	271	116
3	1	2011-05-31.10:40:49	39	265	108
5	2	2011-05-31.10:40:53	36	257	114
4	2	2011-05-31.10:40:58	41	260	104
5	2	2011-05-31.10:41:03	46	275	116
2	1	2011-05-31.10:41:07	42	268	121
2	1	2011-05-31.10:41:12	39	259	116
2	1	2011-05-31.10:41:17	36	257	112
1	0	2011-05-31.10:41:22	33	256	109
1	0	2011-05-31.10:41:26	30	250	99
2	1	2011-05-31.10:41:31	36	253	97
1	0	2011-05-31.10:41:36	33	258	91
1	0	2011-05-31.10:41:40	30	258	86
1	0	2011-05-31.10:41:45	30	260	107
1	0	2011-05-31.10:41:50	36	260	109
1	0	2011-05-31.10:41:54	33	256	114
1	0	2011-05-31.10:41:59	30	254	111
3	1	2011-05-31.10:42:04	28	265	95
3	1	2011-05-31.10:42:09	25	258	92
5	2	2011-05-31.10:42:13	47	253	98
5	3	2011-05-31.10:42:18	44	254	89
3	2	2011-05-31.10:42:22	40	251	97
2	1	2011-05-31.10:42:27	37	251	97
2	1	2011-05-31.10:42:32	34	252	94
2	1	2011-05-31.10:42:36	39	261	109
1	0	2011-05-31.10:42:41	52	263	118
2	1	2011-05-31.10:42:46	48	255	116
1	0	2011-05-31.10:42:50	44	254	104
1	0	2011-05-31.10:42:55	40	247	104
1	0	2011-05-31.10:43:00	40	249	99
3	1	2011-05-31.10:43:04	37	264	87
3	0	2011-05-31.10:43:09	50	268	98
5	0	2011-05-31.10:43:14	54	265	112
4	0	2011-05-31.10:43:18	74	258	107
4	1	2011-05-31.10:43:23	68	259	94
2	1	2011-05-31.10:43:28	62	265	86
3	1	2011-05-31.10:43:32	73	259	103
6	3	2011-05-31.10:43:37	67	255	99
6	3	2011-05-31.10:43:42	70	261	90
2	1	2011-05-31.10:43:47	72	262	85
2	1	2011-05-31.10:43:52	67	251	84
2	1	2011-05-31.10:43:56	61	252	84
3	1	2011-05-31.10:44:01	56	268	104
2	1	2011-05-31.10:44:06	52	272	97
2	1	2011-05-31.10:44:10	48	270	108
1	0	2011-05-31.10:44:15	48	263	101
2	1	2011-05-31.10:44:20	44	260	107
1	0	2011-05-31.10:44:24	40	254	105
1	0	2011-05-31.10:44:29	45	254	100
1	0	2011-05-31.10:44:34	49	254	95
1	0	2011-05-31.10:44:38	45	252	93
1	0	2011-05-31.10:44:43	42	252	90
1	0	2011-05-31.10:44:48	38	251	92
2	1	2011-05-31.10:44:52	51	247	92
4	2	2011-05-31.10:44:57	71	249	89
6	3	2011-05-31.10:45:02	81	257	88
3	2	2011-05-31.10:45:06	91	252	88
2	1	2011-05-31.10:45:11	84	252	87
2	1	2011-05-31.10:45:16	77	254	87
1	0	2011-05-31.10:45:20	71	255	76
1	0	2011-05-31.10:45:25	71	254	95
1	0	2011-05-31.10:45:29	65	258	108
1	0	2011-05-31.10:45:34	60	252	104
1	0	2011-05-31.10:45:39	55	252	105
1	0	2011-05-31.10:45:44	51	250	96
1	0	2011-05-31.10:45:49	46	248	97
1	0	2011-05-31.10:45:53	43	248	90
1	0	2011-05-31.10:45:58	39	252	109
1	0	2011-05-31.10:46:03	36	262	103
3	0	2011-05-31.10:46:07	33	255	111
6	1	2011-05-31.10:46:12	54	260	102
5	2	2011-05-31.10:46:17	58	256	106
4	2	2011-05-31.10:46:21	69	252	88
3	2	2011-05-31.10:46:26	64	252	84
2	1	2011-05-31.10:46:31	59	250	82
2	1	2011-05-31.10:46:35	54	251	80
1	0	2011-05-31.10:46:40	54	253	85
1	0	2011-05-31.10:46:45	50	254	82
1	0	2011-05-31.10:46:49	54	250	79
1	0	2011-05-31.10:46:54	49	251	88
1	0	2011-05-31.10:46:59	45	253	90
1	0	2011-05-31.10:47:04	42	260	85
1	0	2011-05-31.10:47:09	38	254	87
1	0	2011-05-31.10:47:13	35	253	95
1	0	2011-05-31.10:47:18	32	254	96
1	0	2011-05-31.10:47:23	38	249	97
1	0	2011-05-31.10:47:27	35	254	94
2	1	2011-05-31.10:47:32	32	254	99
4	2	2011-05-31.10:47:37	53	251	92
4	2	2011-05-31.10:47:41	81	250	98
3	2	2011-05-31.10:47:46	83	249	99
4	2	2011-05-31.10:47:51	76	251	99
2	1	2011-05-31.10:47:55	70	250	93
2	1	2011-05-31.10:48:00	70	247	88
1	0	2011-05-31.10:48:05	72	258	95
2	1	2011-05-31.10:48:09	66	253	97
1	0	2011-05-31.10:48:14	77	256	94
1	0	2011-05-31.10:48:19	71	251	86
1	0	2011-05-31.10:48:24	65	249	86
1	0	2011-05-31.10:48:28	60	252	80
1	0	2011-05-31.10:48:33	55	254	88
1	0	2011-05-31.10:48:38	51	253	89
1	0	2011-05-31.10:48:42	47	248	84
1	0	2011-05-31.10:48:47	43	245	83
1	0	2011-05-31.10:48:52	39	247	80
3	1	2011-05-31.10:48:56	60	249	80
5	2	2011-05-31.10:49:01	79	263	87
4	2	2011-05-31.10:49:06	89	262	98
5	1	2011-05-31.10:49:10	90	262	103
7	2	2011-05-31.10:49:10	90	261	101
7	1	2011-05-31.10:49:15	90	258	101
2	1	2011-05-31.10:49:20	99	255	101
1	0	2011-05-31.10:49:24	91	250	92
1	0	2011-05-31.10:49:29	83	251	92
1	0	2011-05-31.10:49:34	85	253	82
1	0	2011-05-31.10:49:38	86	255	76
1	0	2011-05-31.10:49:43	79	257	91
1	0	2011-05-31.10:49:48	73	256	90
1	0	2011-05-31.10:49:52	67	260	100
1	0	2011-05-31.10:49:57	61	254	96
1	0	2011-05-31.10:50:02	57	257	86
1	0	2011-05-31.10:50:06	52	255	83
1	0	2011-05-31.10:50:11	48	251	83
2	1	2011-05-31.10:50:16	44	251	77
4	2	2011-05-31.10:50:20	56	252	88
4	2	2011-05-31.10:50:25	56	254	85
4	2	2011-05-31.10:50:29	52	254	88
2	1	2011-05-31.10:50:34	48	256	102
1	0	2011-05-31.10:50:39	44	256	93
1	0	2011-05-31.10:50:43	40	254	107
1	0	2011-05-31.10:50:48	37	252	103
1	0	2011-05-31.10:50:53	34	249	105
1	0	2011-05-31.10:50:57	31	248	104
1	0	2011-05-31.10:51:02	37	256	97
2	1	2011-05-31.10:51:07	34	253	95
2	1	2011-05-31.10:51:11	31	252	89
1	0	2011-05-31.10:51:16	29	259	84
1	0	2011-05-31.10:51:21	26	258	78
1	0	2011-05-31.10:51:25	24	257	75
0	0	2011-05-31.10:51:30	24	256	74
1	0	2011-05-31.10:51:35	22	256	71
4	2	2011-05-31.10:51:40	20	254	69
4	2	2011-05-31.10:51:44	19	253	69
3	2	2011-05-31.10:51:49	17	251	69
2	1	2011-05-31.10:51:54	24	250	69
2	1	2011-05-31.10:51:59	22	263	98
1	0	2011-05-31.10:52:04	20	269	96
5	1	2011-05-31.10:52:09	18	261	93
7	1	2011-05-31.10:52:13	25	263	82
6	0	2011-05-31.10:52:18	39	261	85
4	0	2011-05-31.10:52:23	36	257	88
1	0	2011-05-31.10:52:27	33	254	84
1	0	2011-05-31.10:52:32	30	254	84
1	0	2011-05-31.10:52:36	28	254	87
1	0	2011-05-31.10:52:41	26	253	87
1	0	2011-05-31.10:52:46	24	254	80
1	0	2011-05-31.10:52:50	22	259	78
2	1	2011-05-31.10:52:55	22	254	76
2	1	2011-05-31.10:53:00	20	254	72
5	2	2011-05-31.10:53:04	18	264	64
3	1	2011-05-31.10:53:09	17	262	75
2	1	2011-05-31.10:53:14	31	261	85
1	0	2011-05-31.10:53:18	37	259	80
1	0	2011-05-31.10:53:23	34	256	85
1	0	2011-05-31.10:53:27	31	252	84
1	0	2011-05-31.10:53:32	37	251	81
1	0	2011-05-31.10:53:37	42	252	78
2	1	2011-05-31.10:53:41	38	256	71
1	0	2011-05-31.10:53:46	43	255	65
1	0	2011-05-31.10:53:51	56	251	73
1	0	2011-05-31.10:53:55	59	250	74
1	0	2011-05-31.10:54:00	59	251	71
1	0	2011-05-31.10:54:04	55	265	77
2	1	2011-05-31.10:54:09	50	262	83
2	1	2011-05-31.10:54:14	70	262	82
2	1	2011-05-31.10:54:18	72	259	84
4	2	2011-05-31.10:54:23	75	255	82
4	2	2011-05-31.10:54:28	85	251	83
2	1	2011-05-31.10:54:32	78	252	80
2	1	2011-05-31.10:54:37	88	250	78
1	0	2011-05-31.10:54:42	81	256	72
1	0	2011-05-31.10:54:46	74	254	70
1	0	2011-05-31.10:54:51	76	254	81
1	0	2011-05-31.10:54:55	70	258	85
1	0	2011-05-31.10:55:00	70	256	81
2	1	2011-05-31.10:55:05	64	259	77
5	1	2011-05-31.10:55:09	59	260	69
5	0	2011-05-31.10:55:14	70	262	76
6	0	2011-05-31.10:55:19	73	258	76
1	0	2011-05-31.10:55:23	67	257	76
1	0	2011-05-31.10:55:28	70	255	78
1	0	2011-05-31.10:55:33	64	254	74
2	1	2011-05-31.10:55:37	75	255	80
2	1	2011-05-31.10:55:42	93	254	80
4	2	2011-05-31.10:55:46	117	252	79
3	2	2011-05-31.10:55:51	108	251	73
2	1	2011-05-31.10:55:56	99	253	74
1	0	2011-05-31.10:56:00	91	257	85
1	0	2011-05-31.10:56:05	91	267	89
1	0	2011-05-31.10:56:10	84	262	91
1	0	2011-05-31.10:56:14	77	255	84
1	0	2011-05-31.10:56:19	71	256	80
1	0	2011-05-31.10:56:24	73	249	72
1	0	2011-05-31.10:56:28	68	254	73
1	0	2011-05-31.10:56:33	62	252	69
1	0	2011-05-31.10:56:37	57	254	76
1	0	2011-05-31.10:56:42	53	260	69
1	0	2011-05-31.10:56:47	48	255	71
1	0	2011-05-31.10:56:52	44	252	80
1	0	2011-05-31.10:56:56	41	255	89
2	1	2011-05-31.10:57:01	38	257	93
4	2	2011-05-31.10:57:06	67	261	87
4	2	2011-05-31.10:57:11	77	257	83
2	1	2011-05-31.10:57:15	79	258	85
2	1	2011-05-31.10:57:20	79	253	84
2	1	2011-05-31.10:57:25	73	250	86
1	0	2011-05-31.10:57:29	67	253	75
1	0	2011-05-31.10:57:34	69	257	76
1	0	2011-05-31.10:57:39	64	254	81
1	0	2011-05-31.10:57:43	59	254	81
1	0	2011-05-31.10:57:48	54	257	71
1	0	2011-05-31.10:57:52	50	263	93
1	0	2011-05-31.10:57:57	46	259	100
1	0	2011-05-31.10:58:02	42	265	92
1	0	2011-05-31.10:58:06	39	258	89
4	0	2011-05-31.10:58:11	35	257	86
2	0	2011-05-31.10:58:16	33	257	86
2	1	2011-05-31.10:58:20	30	257	76
4	2	2011-05-31.10:58:25	30	258	90
5	2	2011-05-31.10:58:30	52	265	79
2	1	2011-05-31.10:58:34	47	265	95
2	1	2011-05-31.10:58:39	44	265	89
1	0	2011-05-31.10:58:44	40	256	80
2	1	2011-05-31.10:58:48	45	255	75
1	0	2011-05-31.10:58:53	41	259	82
1	0	2011-05-31.10:58:58	54	257	79
1	0	2011-05-31.10:59:03	50	265	71
1	0	2011-05-31.10:59:07	46	260	71
1	0	2011-05-31.10:59:12	42	256	77
1	0	2011-05-31.10:59:17	39	263	72
1	0	2011-05-31.10:59:21	35	265	96
1	0	2011-05-31.10:59:26	33	261	93
1	0	2011-05-31.10:59:31	30	261	102
3	1	2011-05-31.10:59:35	27	258	92
2	1	2011-05-31.10:59:40	27	256	89
4	2	2011-05-31.10:59:45	25	251	89
6	3	2011-05-31.10:59:49	55	251	81
4	2	2011-05-31.10:59:54	83	253	83
2	1	2011-05-31.10:59:59	84	256	75
3	1	2011-05-31.11:00:03	77	273	81
1	0	2011-05-31.11:00:08	71	269	89
2	1	2011-05-31.11:00:13	65	266	98
1	0	2011-05-31.11:00:17	60	260	86
2	1	2011-05-31.11:00:22	55	259	88
1	0	2011-05-31.11:00:27	51	260	92
1	0	2011-05-31.11:00:32	47	252	93
1	0	2011-05-31.11:00:37	43	258	86
1	0	2011-05-31.11:00:41	40	260	88
1	0	2011-05-31.11:00:46	36	262	99
1	0	2011-05-31.11:00:51	33	260	95
1	0	2011-05-31.11:00:55	31	257	96
2	1	2011-05-31.11:01:00	28	256	94
4	1	2011-05-31.11:01:05	28	268	90
8	2	2011-05-31.11:01:09	42	259	86
6	2	2011-05-31.11:01:14	39	262	75
4	1	2011-05-31.11:01:19	60	269	106
2	1	2011-05-31.11:01:24	55	261	105
1	0	2011-05-31.11:01:29	74	254	99
1	0	2011-05-31.11:01:33	68	256	92
1	0	2011-05-31.11:01:38	63	256	99
1	0	2011-05-31.11:01:43	66	259	84
1	0	2011-05-31.11:01:48	69	259	95
1	0	2011-05-31.11:01:52	63	264	91
1	0	2011-05-31.11:01:57	58	265	103
2	0	2011-05-31.11:02:02	53	271	105
1	0	2011-05-31.11:02:06	57	260	106
1	0	2011-05-31.11:02:11	52	257	107
1	0	2011-05-31.11:02:16	56	257	95
2	1	2011-05-31.11:02:20	52	251	86
3	1	2011-05-31.11:02:25	52	260	88
5	2	2011-05-31.11:02:30	47	268	105
4	2	2011-05-31.11:02:34	52	273	120
2	1	2011-05-31.11:02:39	48	261	120
2	1	2011-05-31.11:02:44	44	262	106
1	0	2011-05-31.11:02:49	40	259	99
2	1	2011-05-31.11:02:54	37	257	88
2	1	2011-05-31.11:02:59	34	252	89
1	0	2011-05-31.11:03:03	31	265	82
2	1	2011-05-31.11:03:08	29	260	78
2	1	2011-05-31.11:03:13	26	257	86
1	0	2011-05-31.11:03:18	24	260	98
1	0	2011-05-31.11:03:22	22	254	98
1	0	2011-05-31.11:03:27	20	254	101
1	0	2011-05-31.11:03:32	19	251	98
1	0	2011-05-31.11:03:37	17	254	85
2	1	2011-05-31.11:03:41	16	256	93
4	2	2011-05-31.11:03:46	31	254	99
5	2	2011-05-31.11:03:51	36	252	101
5	3	2011-05-31.11:03:55	33	250	102
4	2	2011-05-31.11:04:00	33	254	94
3	1	2011-05-31.11:04:05	31	272	81
5	1	2011-05-31.11:04:09	36	265	96
5	1	2011-05-31.11:04:14	49	263	105
3	0	2011-05-31.11:04:19	53	264	100
1	0	2011-05-31.11:04:23	49	254	100
1	0	2011-05-31.11:04:28	45	259	106
1	0	2011-05-31.11:04:33	41	261	106
1	0	2011-05-31.11:04:37	38	255	107
1	0	2011-05-31.11:04:42	35	252	102
1	0	2011-05-31.11:04:47	32	252	92
1	0	2011-05-31.11:04:51	29	252	91
0	0	2011-05-31.11:04:56	27	252	91
1	0	2011-05-31.11:05:01	25	260	83
2	1	2011-05-31.11:05:06	23	257	80
4	2	2011-05-31.11:05:12	21	257	68
2	1	2011-05-31.11:05:17	19	256	64
2	1	2011-05-31.11:05:22	18	260	88
1	0	2011-05-31.11:05:27	24	267	107
1	0	2011-05-31.11:05:31	22	268	110
2	1	2011-05-31.11:05:36	21	260	116
1	0	2011-05-31.11:05:41	19	255	110
1	0	2011-05-31.11:05:46	17	253	106
2	1	2011-05-31.11:05:52	16	257	96
1	0	2011-05-31.11:05:57	23	261	91
3	1	2011-05-31.11:06:02	21	266	82
1	0	2011-05-31.11:06:07	19	267	98
2	1	2011-05-31.11:06:11	18	267	108
1	0	2011-05-31.11:06:16	16	261	105
1	0	2011-05-31.11:06:21	15	259	99
2	1	2011-05-31.11:06:25	14	258	97
5	2	2011-05-31.11:06:30	14	265	96
4	2	2011-05-31.11:06:35	28	265	108
4	2	2011-05-31.11:06:39	26	257	108
2	1	2011-05-31.11:06:44	24	255	97
2	1	2011-05-31.11:06:49	22	255	98
2	1	2011-05-31.11:06:53	28	257	92
1	0	2011-05-31.11:06:58	26	256	98
3	1	2011-05-31.11:07:03	32	270	103
2	0	2011-05-31.11:07:07	29	264	91
5	1	2011-05-31.11:07:12	43	264	79
5	1	2011-05-31.11:07:17	39	266	77
1	0	2011-05-31.11:07:22	36	260	74
1	0	2011-05-31.11:07:27	33	257	65
2	0	2011-05-31.11:07:31	31	271	100
1	0	2011-05-31.11:07:36	28	270	105
1	0	2011-05-31.11:07:41	34	266	115
2	1	2011-05-31.11:07:45	31	259	101
4	2	2011-05-31.11:07:50	31	255	99
4	2	2011-05-31.11:07:55	29	256	98
4	2	2011-05-31.11:07:59	26	252	100
2	1	2011-05-31.11:08:04	24	259	95
2	1	2011-05-31.11:08:09	22	255	95
2	1	2011-05-31.11:08:14	20	256	92
1	0	2011-05-31.11:08:19	43	256	90
1	0	2011-05-31.11:08:23	47	256	88
1	0	2011-05-31.11:08:28	43	255	85
1	0	2011-05-31.11:08:33	48	254	84
1	0	2011-05-31.11:08:37	52	259	88
1	0	2011-05-31.11:08:42	48	260	92
1	0	2011-05-31.11:08:46	44	253	93
1	0	2011-05-31.11:08:51	41	250	90
1	0	2011-05-31.11:08:56	37	250	90
1	0	2011-05-31.11:09:00	50	248	89
2	1	2011-05-31.11:09:05	50	257	85
4	2	2011-05-31.11:09:10	62	260	78
5	3	2011-05-31.11:09:14	81	252	78
5	3	2011-05-31.11:09:19	99	250	77
2	1	2011-05-31.11:09:24	91	255	81
2	1	2011-05-31.11:09:28	83	260	89
2	1	2011-05-31.11:09:33	77	256	85
1	0	2011-05-31.11:09:38	71	251	81
1	0	2011-05-31.11:09:42	65	251	82
1	0	2011-05-31.11:09:47	60	252	92
1	0	2011-05-31.11:09:51	55	250	90
1	0	2011-05-31.11:09:56	50	250	89
1	0	2011-05-31.11:10:01	46	245	84
1	0	2011-05-31.11:10:06	43	257	82
3	0	2011-05-31.11:10:11	47	259	77
7	1	2011-05-31.11:10:15	51	272	112
2	0	2011-05-31.11:10:20	51	270	111
1	0	2011-05-31.11:10:25	47	260	103
3	1	2011-05-31.11:10:29	43	251	101
4	2	2011-05-31.11:10:34	40	251	95
6	3	2011-05-31.11:10:39	37	257	100
4	2	2011-05-31.11:10:43	34	254	95
2	1	2011-05-31.11:10:48	31	249	95
2	1	2011-05-31.11:10:53	29	249	91
1	0	2011-05-31.11:10:58	26	250	89
1	0	2011-05-31.11:11:03	24	260	89
1	0	2011-05-31.11:11:07	22	254	100
1	0	2011-05-31.11:11:12	20	261	94
1	0	2011-05-31.11:11:17	19	255	104
1	0	2011-05-31.11:11:21	25	254	99
1	0	2011-05-31.11:11:26	23	251	92
1	0	2011-05-31.11:11:31	21	251	91
1	0	2011-05-31.11:11:35	20	252	88
1	0	2011-05-31.11:11:40	20	259	108
1	0	2011-05-31.11:11:45	26	252	102
2	1	2011-05-31.11:11:49	32	245	100
4	2	2011-05-31.11:11:54	29	243	93
5	3	2011-05-31.11:11:59	35	244	98
4	2	2011-05-31.11:12:03	56	258	91
2	1	2011-05-31.11:12:08	52	256	82
3	1	2011-05-31.11:12:13	47	259	104
1	0	2011-05-31.11:12:17	52	257	107
1	0	2011-05-31.11:12:22	55	248	103
1	0	2011-05-31.11:12:27	51	246	102
1	0	2011-05-31.11:12:31	47	246	98
1	0	2011-05-31.11:12:36	51	244	91
1	0	2011-05-31.11:12:41	47	246	85
1	0	2011-05-31.11:12:45	43	244	91
1	0	2011-05-31.11:12:50	43	244	91
1	0	2011-05-31.11:12:55	48	246	85
1	0	2011-05-31.11:12:59	52	247	88
1	0	2011-05-31.11:13:04	56	257	84
3	1	2011-05-31.11:13:09	51	254	91
7	2	2011-05-31.11:13:13	71	251	91
6	3	2011-05-31.11:13:18	89	248	87
4	2	2011-05-31.11:13:23	106	248	87
2	1	2011-05-31.11:13:27	98	250	90
2	1	2011-05-31.11:13:32	90	255	85
1	0	2011-05-31.11:13:36	99	260	104
1	0	2011-05-31.11:13:41	91	257	99
1	0	2011-05-31.11:13:46	83	252	94
1	0	2011-05-31.11:13:50	77	244	92
1	0	2011-05-31.11:13:55	77	252	96
1	0	2011-05-31.11:14:00	71	250	96
2	1	2011-05-31.11:14:04	65	258	97
1	0	2011-05-31.11:14:09	60	252	90
1	0	2011-05-31.11:14:14	55	254	105
1	0	2011-05-31.11:14:18	58	254	110
1	0	2011-05-31.11:14:23	78	252	103
2	1	2011-05-31.11:14:28	80	247	93
3	1	2011-05-31.11:14:32	73	255	110
4	2	2011-05-31.11:14:37	83	257	116
4	2	2011-05-31.11:14:42	77	248	110
2	1	2011-05-31.11:14:46	70	245	103
2	1	2011-05-31.11:14:51	65	243	102
2	1	2011-05-31.11:14:56	60	245	101
1	0	2011-05-31.11:15:01	55	244	91
1	0	2011-05-31.11:15:06	50	254	91
2	1	2011-05-31.11:15:10	46	253	87
2	1	2011-05-31.11:15:15	46	257	101
1	0	2011-05-31.11:15:20	43	256	98
1	0	2011-05-31.11:15:24	39	247	105
1	0	2011-05-31.11:15:29	36	249	111
1	0	2011-05-31.11:15:34	33	248	97
1	0	2011-05-31.11:15:38	38	247	95
1	0	2011-05-31.11:15:43	35	246	97
1	0	2011-05-31.11:15:48	32	244	86
2	1	2011-05-31.11:15:52	30	246	94
4	2	2011-05-31.11:15:57	27	246	98
6	3	2011-05-31.11:16:02	41	254	98
4	2	2011-05-31.11:16:06	46	251	95
6	1	2011-05-31.11:16:11	50	252	87
6	1	2011-05-31.11:16:16	54	253	84
1	0	2011-05-31.11:16:20	50	248	74
2	1	2011-05-31.11:16:25	50	251	84
2	1	2011-05-31.11:16:30	62	255	91
1	0	2011-05-31.11:16:34	57	254	88
1	0	2011-05-31.11:16:39	52	253	88
2	1	2011-05-31.11:16:44	48	248	83
1	0	2011-05-31.11:16:48	44	246	80
1	0	2011-05-31.11:16:53	41	253	79
1	0	2011-05-31.11:16:58	37	253	86
1	0	2011-05-31.11:17:02	42	261	94
1	0	2011-05-31.11:17:07	39	253	88
2	1	2011-05-31.11:17:12	36	249	95
4	2	2011-05-31.11:17:16	33	249	96
6	3	2011-05-31.11:17:21	30	249	95
4	2	2011-05-31.11:17:26	36	246	88
2	1	2011-05-31.11:17:30	33	249	86
2	1	2011-05-31.11:17:35	33	246	96
1	0	2011-05-31.11:17:39	30	247	95
1	0	2011-05-31.11:17:44	28	249	92
1	0	2011-05-31.11:17:49	26	245	90
1	0	2011-05-31.11:17:53	24	241	88
1	0	2011-05-31.11:17:58	22	243	83
3	1	2011-05-31.11:18:03	20	257	72
1	0	2011-05-31.11:18:07	18	263	81
2	1	2011-05-31.11:18:12	17	259	94
1	0	2011-05-31.11:18:17	23	253	95
1	0	2011-05-31.11:18:21	22	249	93
1	0	2011-05-31.11:18:26	20	245	94
1	0	2011-05-31.11:18:31	26	243	93
4	2	2011-05-31.11:18:35	32	244	88
6	3	2011-05-31.11:18:40	32	242	86
6	3	2011-05-31.11:18:45	37	247	83
3	2	2011-05-31.11:18:49	42	251	90
2	1	2011-05-31.11:18:54	47	253	92
2	1	2011-05-31.11:18:58	59	248	90
3	1	2011-05-31.11:19:03	62	252	90
3	0	2011-05-31.11:19:08	57	252	82
5	0	2011-05-31.11:19:12	53	250	81
6	0	2011-05-31.11:19:17	65	255	73
7	1	2011-05-31.11:19:22	59	261	87
2	0	2011-05-31.11:19:26	55	260	107
1	0	2011-05-31.11:19:31	50	260	103
1	0	2011-05-31.11:19:36	46	249	100
1	0	2011-05-31.11:19:40	42	251	103
1	0	2011-05-31.11:19:45	42	249	103
1	0	2011-05-31.11:19:50	39	250	98
2	1	2011-05-31.11:19:54	36	246	93
4	2	2011-05-31.11:19:59	33	246	84
6	3	2011-05-31.11:20:04	30	257	83
3	2	2011-05-31.11:20:08	28	252	77
2	1	2011-05-31.11:20:13	34	261	90
2	1	2011-05-31.11:20:18	31	257	87
2	1	2011-05-31.11:20:22	28	253	94
1	0	2011-05-31.11:20:27	26	247	87
2	1	2011-05-31.11:20:32	32	242	88
2	1	2011-05-31.11:20:36	29	250	87
1	0	2011-05-31.11:20:41	27	241	80
1	0	2011-05-31.11:20:45	25	236	81
1	0	2011-05-31.11:20:50	25	236	84
1	0	2011-05-31.11:20:55	23	240	77
1	0	2011-05-31.11:20:59	21	238	83
1	0	2011-05-31.11:21:04	19	245	83
1	0	2011-05-31.11:21:09	18	241	83
2	1	2011-05-31.11:21:13	24	240	82
2	1	2011-05-31.11:21:18	30	241	79
4	2	2011-05-31.11:21:22	36	238	74
4	2	2011-05-31.11:21:27	49	241	75
2	1	2011-05-31.11:21:32	45	244	78
1	0	2011-05-31.11:21:37	41	241	74
1	0	2011-05-31.11:21:41	38	246	68
1	0	2011-05-31.11:21:46	35	244	72
1	0	2011-05-31.11:21:51	32	253	72
1	0	2011-05-31.11:21:55	30	248	75
1	0	2011-05-31.11:22:00	27	246	81
2	1	2011-05-31.11:22:05	27	255	77
5	1	2011-05-31.11:22:09	25	254	78
5	1	2011-05-31.11:22:14	31	259	74
6	0	2011-05-31.11:22:19	37	260	72
2	0	2011-05-31.11:22:23	34	258	78
1	0	2011-05-31.11:22:28	31	253	75
1	0	2011-05-31.11:22:33	28	253	84
2	1	2011-05-31.11:22:37	42	253	83
4	2	2011-05-31.11:22:42	47	250	79
4	2	2011-05-31.11:22:47	43	249	83
2	1	2011-05-31.11:22:51	47	247	83
2	1	2011-05-31.11:22:56	44	246	81
1	0	2011-05-31.11:23:00	40	245	83
1	0	2011-05-31.11:23:05	37	253	80
1	0	2011-05-31.11:23:10	37	246	80
2	1	2011-05-31.11:23:14	34	248	75
1	0	2011-05-31.11:23:19	31	252	87
1	0	2011-05-31.11:23:24	29	252	84
1	0	2011-05-31.11:23:28	26	246	86
1	0	2011-05-31.11:23:33	32	250	94
1	0	2011-05-31.11:23:38	38	249	94
1	0	2011-05-31.11:23:42	35	242	85
1	0	2011-05-31.11:23:47	32	244	82
1	0	2011-05-31.11:23:52	29	246	76
1	0	2011-05-31.11:23:56	27	244	80
4	2	2011-05-31.11:24:01	49	244	77
5	2	2011-05-31.11:24:06	61	252	68
4	2	2011-05-31.11:24:10	56	250	81
2	1	2011-05-31.11:24:15	56	249	83
2	1	2011-05-31.11:24:19	51	250	78
2	1	2011-05-31.11:24:24	47	251	74
1	0	2011-05-31.11:24:29	51	252	86
1	0	2011-05-31.11:24:33	47	252	98
1	0	2011-05-31.11:24:38	43	250	105
1	0	2011-05-31.11:24:43	40	244	98
1	0	2011-05-31.11:24:47	37	242	88
1	0	2011-05-31.11:24:52	34	241	93
1	0	2011-05-31.11:24:57	31	243	95
1	0	2011-05-31.11:25:01	29	252	90
1	0	2011-05-31.11:25:06	26	250	90
4	0	2011-05-31.11:25:11	32	253	82
6	1	2011-05-31.11:25:15	38	253	88
3	1	2011-05-31.11:25:20	38	250	88
4	2	2011-05-31.11:25:25	43	246	81
4	2	2011-05-31.11:25:29	47	246	80
3	2	2011-05-31.11:25:34	51	247	73
2	1	2011-05-31.11:25:38	55	248	68
1	0	2011-05-31.11:25:43	51	245	71
1	0	2011-05-31.11:25:48	55	254	90
1	0	2011-05-31.11:25:52	50	250	91
1	0	2011-05-31.11:25:57	46	248	91
3	1	2011-05-31.11:26:02	50	261	83
1	0	2011-05-31.11:26:06	46	254	82
2	1	2011-05-31.11:26:11	43	256	83
1	0	2011-05-31.11:26:16	39	253	80
1	0	2011-05-31.11:26:21	36	256	88
1	0	2011-05-31.11:26:25	33	255	92
1	0	2011-05-31.11:26:30	33	253	85
1	0	2011-05-31.11:26:34	38	247	80
3	1	2011-05-31.11:26:39	35	248	95
4	2	2011-05-31.11:26:44	33	246	91
4	2	2011-05-31.11:26:48	38	240	84
3	2	2011-05-31.11:26:53	51	242	78
2	1	2011-05-31.11:26:58	47	242	78
2	1	2011-05-31.11:27:02	43	251	81
1	0	2011-05-31.11:27:07	56	245	77
2	1	2011-05-31.11:27:12	59	245	78
1	0	2011-05-31.11:27:16	54	245	73
1	0	2011-05-31.11:27:21	50	243	71
1	0	2011-05-31.11:27:26	46	250	70
1	0	2011-05-31.11:27:30	42	253	95
1	0	2011-05-31.11:27:35	42	251	94
1	0	2011-05-31.11:27:39	47	247	79
1	0	2011-05-31.11:27:44	43	245	84
1	0	2011-05-31.11:27:49	40	240	81
1	0	2011-05-31.11:27:53	36	241	83
2	1	2011-05-31.11:27:58	33	246	90
5	2	2011-05-31.11:28:03	55	259	94
4	2	2011-05-31.11:28:07	50	257	95
7	2	2011-05-31.11:28:12	54	250	88
5	1	2011-05-31.11:28:17	50	249	89
2	1	2011-05-31.11:28:21	46	248	89
1	0	2011-05-31.11:28:26	42	246	78
1	0	2011-05-31.11:28:31	39	250	75
1	0	2011-05-31.11:28:35	36	256	80
1	0	2011-05-31.11:28:40	36	259	98
1	0	2011-05-31.11:28:45	33	257	93
1	0	2011-05-31.11:28:49	30	251	88
3	1	2011-05-31.11:28:54	36	254	85
2	1	2011-05-31.11:28:59	49	250	84
1	0	2011-05-31.11:29:03	53	258	84
1	0	2011-05-31.11:29:08	49	253	82
1	0	2011-05-31.11:29:13	45	254	70
1	0	2011-05-31.11:29:17	41	246	73
2	1	2011-05-31.11:29:22	38	246	84
4	2	2011-05-31.11:29:26	35	244	83
5	3	2011-05-31.11:29:31	32	244	84
3	2	2011-05-31.11:29:36	29	243	83
2	1	2011-05-31.11:29:40	27	242	89
1	0	2011-05-31.11:29:45	27	242	89
1	0	2011-05-31.11:29:50	33	241	76
1	0	2011-05-31.11:29:54	38	242	86
1	0	2011-05-31.11:29:59	35	246	88
1	0	2011-05-31.11:30:04	32	250	93
1	0	2011-05-31.11:30:08	30	248	90
2	1	2011-05-31.11:30:13	27	247	82
1	0	2011-05-31.11:30:17	33	243	81
1	0	2011-05-31.11:30:22	30	245	73
1	0	2011-05-31.11:30:27	28	250	91
0	0	2011-05-31.11:30:31	26	249	91
1	0	2011-05-31.11:30:36	24	244	85
2	1	2011-05-31.11:30:41	22	243	80
3	1	2011-05-31.11:30:45	36	250	99
4	2	2011-05-31.11:30:50	36	246	97
4	2	2011-05-31.11:30:55	41	242	88
2	1	2011-05-31.11:31:00	46	248	89
2	1	2011-05-31.11:31:04	42	247	78
3	0	2011-05-31.11:31:09	39	247	80
5	1	2011-05-31.11:31:13	52	252	72
6	1	2011-05-31.11:31:18	55	259	100
1	0	2011-05-31.11:31:23	51	263	103
1	0	2011-05-31.11:31:27	47	257	100
3	1	2011-05-31.11:31:32	43	252	100
1	0	2011-05-31.11:31:37	40	250	97
1	0	2011-05-31.11:31:42	36	248	95
1	0	2011-05-31.11:31:46	33	242	89
1	0	2011-05-31.11:31:51	31	243	83
1	0	2011-05-31.11:31:56	28	243	77
1	0	2011-05-31.11:32:01	26	243	77
3	1	2011-05-31.11:32:06	40	256	74
4	2	2011-05-31.11:32:10	53	251	70
4	2	2011-05-31.11:32:15	53	243	69
2	1	2011-05-31.11:32:20	64	248	79
2	1	2011-05-31.11:32:25	59	245	79
1	0	2011-05-31.11:32:29	55	242	75
1	0	2011-05-31.11:32:34	50	249	69
1	0	2011-05-31.11:32:39	46	248	68
1	0	2011-05-31.11:32:43	42	254	93
1	0	2011-05-31.11:32:48	39	255	100
1	0	2011-05-31.11:32:53	36	255	93
1	0	2011-05-31.11:32:58	33	254	98
2	0	2011-05-31.11:33:02	30	260	92
1	0	2011-05-31.11:33:07	28	249	96
1	0	2011-05-31.11:33:12	26	247	91
1	0	2011-05-31.11:33:17	24	250	83
1	0	2011-05-31.11:33:21	22	245	79
2	1	2011-05-31.11:33:26	44	246	79
4	2	2011-05-31.11:33:31	56	245	79
3	1	2011-05-31.11:33:36	52	258	106
2	1	2011-05-31.11:33:40	48	253	97
1	0	2011-05-31.11:33:45	48	246	90
1	0	2011-05-31.11:33:50	44	244	85
1	0	2011-05-31.11:33:54	40	244	89
1	0	2011-05-31.11:33:59	45	249	81
2	0	2011-05-31.11:34:03	41	259	76
3	0	2011-05-31.11:34:08	38	256	70
5	0	2011-05-31.11:34:13	35	253	77
5	0	2011-05-31.11:34:17	40	256	72
4	0	2011-05-31.11:34:22	37	254	70
1	0	2011-05-31.11:34:27	34	253	75
1	0	2011-05-31.11:34:31	31	253	72
1	0	2011-05-31.11:34:36	37	253	74
1	0	2011-05-31.11:34:40	34	251	66
1	0	2011-05-31.11:34:45	34	251	83
3	1	2011-05-31.11:34:50	31	254	80
2	1	2011-05-31.11:34:55	29	250	73
2	1	2011-05-31.11:34:59	26	248	68
1	0	2011-05-31.11:35:04	24	262	65
1	0	2011-05-31.11:35:09	22	257	64
1	0	2011-05-31.11:35:14	28	258	63
3	1	2011-05-31.11:35:19	26	264	94
1	0	2011-05-31.11:35:23	24	258	87
1	0	2011-05-31.11:35:28	30	260	92
1	0	2011-05-31.11:35:33	36	253	91
1	0	2011-05-31.11:35:37	33	250	88
1	0	2011-05-31.11:35:42	30	246	88
1	0	2011-05-31.11:35:47	44	251	73
1	0	2011-05-31.11:35:52	40	252	68
1	0	2011-05-31.11:35:56	37	250	66
1	0	2011-05-31.11:36:01	34	256	68
2	1	2011-05-31.11:36:06	31	256	63
3	1	2011-05-31.11:36:11	37	254	56
2	1	2011-05-31.11:36:16	34	251	56
3	1	2011-05-31.11:36:21	31	264	83
1	0	2011-05-31.11:36:25	28	267	91
1	0	2011-05-31.11:36:30	28	254	91
1	0	2011-05-31.11:36:35	26	251	88
1	0	2011-05-31.11:36:39	24	253	91
1	0	2011-05-31.11:36:44	22	249	90
1	0	2011-05-31.11:36:49	28	252	79
1	0	2011-05-31.11:36:53	26	252	85
1	0	2011-05-31.11:36:58	24	253	93
1	0	2011-05-31.11:37:03	22	263	94
2	0	2011-05-31.11:37:07	28	260	84
4	0	2011-05-31.11:37:12	34	261	81
4	0	2011-05-31.11:37:17	39	264	72
1	0	2011-05-31.11:37:22	36	263	87
2	1	2011-05-31.11:37:27	41	260	86
2	1	2011-05-31.11:37:31	46	251	77
5	2	2011-05-31.11:37:36	58	254	73
4	2	2011-05-31.11:37:40	53	254	71
2	1	2011-05-31.11:37:45	49	253	86
1	0	2011-05-31.11:37:50	49	256	78
1	0	2011-05-31.11:37:55	45	256	84
1	0	2011-05-31.11:37:59	41	249	77
1	0	2011-05-31.11:38:04	38	257	78
1	0	2011-05-31.11:38:09	35	257	73
1	0	2011-05-31.11:38:13	32	254	72
1	0	2011-05-31.11:38:18	30	255	86
1	0	2011-05-31.11:38:22	27	252	84
1	0	2011-05-31.11:38:27	25	250	83
1	0	2011-05-31.11:38:32	23	256	81
1	0	2011-05-31.11:38:36	21	257	75
1	0	2011-05-31.11:38:41	19	258	78
1	0	2011-05-31.11:38:46	18	261	100
3	1	2011-05-31.11:38:50	56	263	119
4	2	2011-05-31.11:38:55	56	256	115
3	1	2011-05-31.11:39:00	60	254	111
3	1	2011-05-31.11:39:04	55	263	95
2	1	2011-05-31.11:39:09	51	261	91
2	1	2011-05-31.11:39:14	55	255	76
1	0	2011-05-31.11:39:18	50	258	94
1	0	2011-05-31.11:39:23	46	252	88
1	0	2011-05-31.11:39:28	42	253	80
1	0	2011-05-31.11:39:33	39	254	74
2	1	2011-05-31.11:39:38	36	253	60
1	0	2011-05-31.11:39:42	41	259	72
1	0	2011-05-31.11:39:47	78	256	90
1	0	2011-05-31.11:39:52	71	252	85
1	0	2011-05-31.11:39:56	66	248	88
1	0	2011-05-31.11:40:01	60	247	79
1	0	2011-05-31.11:40:06	72	257	76
7	1	2011-05-31.11:40:10	82	256	85
7	2	2011-05-31.11:40:15	82	260	89
5	2	2011-05-31.11:40:20	75	260	96
2	1	2011-05-31.11:40:24	69	259	101
2	1	2011-05-31.11:40:29	64	260	105
2	1	2011-05-31.11:40:34	58	256	102
1	0	2011-05-31.11:40:38	54	253	91
1	0	2011-05-31.11:40:43	49	249	94
1	0	2011-05-31.11:40:47	45	246	86
1	0	2011-05-31.11:40:52	42	245	82
1	0	2011-05-31.11:40:57	38	252	72
2	0	2011-05-31.11:41:01	35	262	78
1	0	2011-05-31.11:41:06	32	259	75
1	0	2011-05-31.11:41:11	30	254	77
1	0	2011-05-31.11:41:15	27	250	75
1	0	2011-05-31.11:41:20	27	250	76
1	0	2011-05-31.11:41:25	25	246	75
1	0	2011-05-31.11:41:29	23	244	69
2	1	2011-05-31.11:41:34	37	244	66
4	2	2011-05-31.11:41:38	34	251	56
2	1	2011-05-31.11:41:43	31	254	67
1	0	2011-05-31.11:41:48	29	250	62
1	0	2011-05-31.11:41:52	27	254	80
1	0	2011-05-31.11:41:57	24	248	74
3	1	2011-05-31.11:42:02	22	260	69
1	0	2011-05-31.11:42:06	21	257	64
2	1	2011-05-31.11:42:11	19	252	60
1	0	2011-05-31.11:42:15	17	246	60
1	0	2011-05-31.11:42:20	17	249	57
1	0	2011-05-31.11:42:25	16	247	54
0	0	2011-05-31.11:42:29	15	244	54
1	0	2011-05-31.11:42:34	21	247	49
0	0	2011-05-31.11:42:38	20	247	49
1	0	2011-05-31.11:42:43	18	246	52
0	0	2011-05-31.11:42:48	17	244	50
2	1	2011-05-31.11:42:52	23	242	47
2	1	2011-05-31.11:42:57	29	242	46
3	1	2011-05-31.11:43:01	27	257	53
1	0	2011-05-31.11:43:06	25	258	50
4	0	2011-05-31.11:43:11	31	253	48
3	0	2011-05-31.11:43:15	31	251	48
1	0	2011-05-31.11:43:20	36	249	48
0	0	2011-05-31.11:43:24	33	247	45
1	0	2011-05-31.11:43:29	31	247	42
0	0	2011-05-31.11:43:33	28	247	41
1	0	2011-05-31.11:43:38	26	247	41
0	0	2011-05-31.11:43:43	24	247	41
0	0	2011-05-31.11:43:47	22	245	41
0	0	2011-05-31.11:43:52	20	245	41
0	0	2011-05-31.11:43:56	18	245	41
1	0	2011-05-31.11:44:01	17	246	43
1	0	2011-05-31.11:44:06	16	253	43
1	0	2011-05-31.11:44:10	16	248	43
2	1	2011-05-31.11:44:15	14	246	43
2	1	2011-05-31.11:44:19	13	246	43
1	0	2011-05-31.11:44:24	12	244	43
0	0	2011-05-31.11:44:29	11	244	43
1	0	2011-05-31.11:44:33	10	245	44
1	0	2011-05-31.11:44:38	9	242	44
0	0	2011-05-31.11:44:43	9	242	44
1	0	2011-05-31.11:44:47	8	239	44
0	0	2011-05-31.11:44:52	7	240	46
0	0	2011-05-31.11:44:57	23	239	46
1	0	2011-05-31.11:45:01	21	239	46
1	0	2011-05-31.11:45:06	19	247	46
1	0	2011-05-31.11:45:10	18	243	46
0	0	2011-05-31.11:45:15	18	243	46
0	0	2011-05-31.11:45:20	16	243	46
0	0	2011-05-31.11:45:24	15	241	46
0	0	2011-05-31.11:45:29	14	241	46
1	0	2011-05-31.11:45:33	12	241	46
3	1	2011-05-31.11:45:38	11	241	46
2	1	2011-05-31.11:45:42	10	241	46
1	0	2011-05-31.11:45:47	10	239	46
0	0	2011-05-31.11:45:52	9	239	46
0	0	2011-05-31.11:45:56	8	239	46
1	0	2011-05-31.11:46:01	7	239	46
1	0	2011-05-31.11:46:05	7	247	46
4	0	2011-05-31.11:46:10	7	246	46
0	0	2011-05-31.11:46:15	6	246	46
0	0	2011-05-31.11:46:19	6	246	46
1	0	2011-05-31.11:46:24	5	244	46
0	0	2011-05-31.11:46:29	5	244	46
0	0	2011-05-31.11:46:33	4	244	46
1	0	2011-05-31.11:46:38	4	244	46
0	0	2011-05-31.11:46:42	4	244	46
0	0	2011-05-31.11:46:47	3	242	46
0	0	2011-05-31.11:46:52	3	242	46
2	1	2011-05-31.11:46:56	3	242	46
3	1	2011-05-31.11:47:01	11	242	46
2	1	2011-05-31.11:47:05	10	250	46
0	0	2011-05-31.11:47:10	10	243	46
0	0	2011-05-31.11:47:15	9	243	46
0	0	2011-05-31.11:47:19	8	243	46
0	0	2011-05-31.11:47:24	7	241	46
0	0	2011-05-31.11:47:28	15	241	46
1	0	2011-05-31.11:47:33	14	241	46
0	0	2011-05-31.11:47:38	12	241	46
0	0	2011-05-31.11:47:42	11	241	46
0	0	2011-05-31.11:47:47	11	239	46
0	0	2011-05-31.11:47:51	10	239	46
0	0	2011-05-31.11:47:56	9	239	44
0	0	2011-05-31.11:48:01	8	239	44
1	0	2011-05-31.11:48:05	7	247	44
0	0	2011-05-31.11:48:10	7	243	44
1	0	2011-05-31.11:48:15	7	244	45
2	1	2011-05-31.11:48:20	22	245	46
2	1	2011-05-31.11:48:24	20	243	46
1	0	2011-05-31.11:48:29	19	243	48
0	0	2011-05-31.11:48:33	17	243	50
0	0	2011-05-31.11:48:38	16	242	50
0	0	2011-05-31.11:48:43	15	241	50
0	0	2011-05-31.11:48:48	13	239	50
0	0	2011-05-31.11:48:52	12	239	52
0	0	2011-05-31.11:48:57	11	239	52
1	0	2011-05-31.11:49:02	10	251	52
1	0	2011-05-31.11:49:06	26	248	51
1	0	2011-05-31.11:49:11	23	247	46
0	0	2011-05-31.11:49:15	22	243	46
0	0	2011-05-31.11:49:20	22	243	46
0	0	2011-05-31.11:49:24	20	241	46
0	0	2011-05-31.11:49:29	18	241	46
0	0	2011-05-31.11:49:34	17	241	46
2	1	2011-05-31.11:49:38	15	241	46
3	1	2011-05-31.11:49:43	14	242	47
2	1	2011-05-31.11:49:47	13	240	47
0	0	2011-05-31.11:49:52	12	240	47
1	0	2011-05-31.11:49:57	11	240	47
1	0	2011-05-31.11:50:01	10	250	47
1	0	2011-05-31.11:50:06	9	246	47
0	0	2011-05-31.11:50:10	8	244	47
1	0	2011-05-31.11:50:15	8	244	47
1	0	2011-05-31.11:50:20	8	244	49
1	0	2011-05-31.11:50:24	23	242	49
0	0	2011-05-31.11:50:29	21	241	49
0	0	2011-05-31.11:50:33	20	241	49
0	0	2011-05-31.11:50:38	26	241	49
0	0	2011-05-31.11:50:43	24	241	49
0	0	2011-05-31.11:50:47	22	239	49
0	0	2011-05-31.11:50:52	20	239	49
1	0	2011-05-31.11:50:56	18	239	49
3	1	2011-05-31.11:51:01	17	249	49
3	1	2011-05-31.11:51:06	24	247	51
2	1	2011-05-31.11:51:10	22	243	51
0	0	2011-05-31.11:51:15	22	243	51
0	0	2011-05-31.11:51:20	20	243	51
0	0	2011-05-31.11:51:24	18	241	51
0	0	2011-05-31.11:51:29	17	241	51
0	0	2011-05-31.11:51:34	15	241	51
1	0	2011-05-31.11:51:38	14	242	52
0	0	2011-05-31.11:51:43	13	242	52
1	0	2011-05-31.11:51:48	12	240	52
1	0	2011-05-31.11:51:52	11	240	52
0	0	2011-05-31.11:51:57	10	240	52
1	0	2011-05-31.11:52:02	17	250	52
1	0	2011-05-31.11:52:06	16	247	52
0	0	2011-05-31.11:52:11	15	247	52
1	0	2011-05-31.11:52:16	21	247	52
2	1	2011-05-31.11:52:20	21	247	52
3	1	2011-05-31.11:52:25	36	245	52
2	1	2011-05-31.11:52:29	33	245	52
1	0	2011-05-31.11:52:34	30	245	52
0	0	2011-05-31.11:52:39	28	245	52
0	0	2011-05-31.11:52:43	33	245	52
1	0	2011-05-31.11:52:48	31	242	52
0	0	2011-05-31.11:52:53	28	242	52
1	0	2011-05-31.11:52:57	26	242	52
1	0	2011-05-31.11:53:02	24	250	52
0	0	2011-05-31.11:53:06	22	245	52
0	0	2011-05-31.11:53:11	20	243	52
0	0	2011-05-31.11:53:16	18	243	52
0	0	2011-05-31.11:53:20	18	243	54
0	0	2011-05-31.11:53:25	17	241	54
1	0	2011-05-31.11:53:29	16	241	54
0	0	2011-05-31.11:53:34	14	241	54
1	0	2011-05-31.11:53:39	13	241	56
2	1	2011-05-31.11:53:43	12	241	56
3	1	2011-05-31.11:53:48	11	239	58
2	1	2011-05-31.11:53:52	10	239	58
2	1	2011-05-31.11:53:57	9	239	58
1	0	2011-05-31.11:54:02	9	247	58
1	0	2011-05-31.11:54:06	8	243	58
0	0	2011-05-31.11:54:11	7	243	60
1	0	2011-05-31.11:54:15	7	243	60
0	0	2011-05-31.11:54:20	7	243	60
0	0	2011-05-31.11:54:25	6	241	58
0	0	2011-05-31.11:54:29	6	241	58
0	0	2011-05-31.11:54:34	5	241	58
1	0	2011-05-31.11:54:38	5	241	58
0	0	2011-05-31.11:54:43	4	241	58
0	0	2011-05-31.11:54:48	4	239	58
0	0	2011-05-31.11:54:52	4	239	60
0	0	2011-05-31.11:54:57	3	239	60
2	1	2011-05-31.11:55:01	11	249	60
2	1	2011-05-31.11:55:06	26	245	60
2	1	2011-05-31.11:55:11	24	243	60
2	1	2011-05-31.11:55:15	22	243	60
2	1	2011-05-31.11:55:20	22	244	59
0	0	2011-05-31.11:55:24	20	242	59
1	0	2011-05-31.11:55:29	19	242	59
1	0	2011-05-31.11:55:34	17	241	59
1	0	2011-05-31.11:55:38	16	243	62
1	0	2011-05-31.11:55:43	14	242	62
1	0	2011-05-31.11:55:47	13	240	62
1	0	2011-05-31.11:55:52	12	240	62
1	0	2011-05-31.11:55:57	11	240	64
1	0	2011-05-31.11:56:01	10	251	65
1	0	2011-05-31.11:56:06	9	249	65
0	0	2011-05-31.11:56:11	9	245	65
1	0	2011-05-31.11:56:15	9	248	61
1	0	2011-05-31.11:56:20	8	248	61
2	1	2011-05-31.11:56:24	15	242	59
3	1	2011-05-31.11:56:29	22	244	59
2	1	2011-05-31.11:56:34	20	242	59
2	1	2011-05-31.11:56:38	19	242	59
1	0	2011-05-31.11:56:43	17	242	59
0	0	2011-05-31.11:56:48	16	240	59
1	0	2011-05-31.11:56:52	14	242	59
1	0	2011-05-31.11:56:57	13	242	57
1	0	2011-05-31.11:57:02	12	250	57
1	0	2011-05-31.11:57:06	11	247	57
1	0	2011-05-31.11:57:11	10	244	57
0	0	2011-05-31.11:57:16	9	244	57
1	0	2011-05-31.11:57:20	9	245	58
1	0	2011-05-31.11:57:25	9	244	59
0	0	2011-05-31.11:57:29	8	244	59
0	0	2011-05-31.11:57:34	7	244	59
0	0	2011-05-31.11:57:39	7	243	59
1	0	2011-05-31.11:57:43	6	243	58
2	1	2011-05-31.11:57:48	6	241	56
3	1	2011-05-31.11:57:52	5	241	56
2	1	2011-05-31.11:57:57	5	242	57
2	1	2011-05-31.11:58:02	4	252	57
1	0	2011-05-31.11:58:06	4	249	57
6	0	2011-05-31.11:58:11	12	250	57
1	0	2011-05-31.11:58:16	11	249	56
1	0	2011-05-31.11:58:21	10	250	54
1	0	2011-05-31.11:58:25	10	248	56
0	0	2011-05-31.11:58:30	9	247	56
0	0	2011-05-31.11:58:34	8	246	56
0	0	2011-05-31.11:58:39	16	246	56
1	0	2011-05-31.11:58:44	14	246	55
1	0	2011-05-31.11:58:48	13	245	53
0	0	2011-05-31.11:58:53	12	244	53
0	0	2011-05-31.11:58:57	11	244	53
1	0	2011-05-31.11:59:02	10	254	53
2	1	2011-05-31.11:59:07	9	250	53
2	1	2011-05-31.11:59:11	8	245	53
2	1	2011-05-31.11:59:16	8	245	53
1	0	2011-05-31.11:59:20	7	248	50
1	0	2011-05-31.11:59:25	7	243	50
1	0	2011-05-31.11:59:29	7	243	50
1	0	2011-05-31.11:59:34	6	243	50
1	0	2011-05-31.11:59:39	6	243	50
0	0	2011-05-31.11:59:43	5	243	50
0	0	2011-05-31.11:59:48	5	241	50
0	0	2011-05-31.11:59:52	4	241	50
1	0	2011-05-31.11:59:57	4	241	50
1	0	2011-05-31.12:00:02	4	251	50
1	0	2011-05-31.12:00:06	3	249	50
1	0	2011-05-31.12:00:11	3	245	50
1	0	2011-05-31.12:00:15	3	246	53
0	0	2011-05-31.12:00:20	3	245	52
1	0	2011-05-31.12:00:25	18	243	52
2	1	2011-05-31.12:00:29	25	243	52
3	1	2011-05-31.12:00:34	31	243	52
2	1	2011-05-31.12:00:38	29	243	52
1	0	2011-05-31.12:00:43	26	243	52
0	0	2011-05-31.12:00:48	24	241	52
0	0	2011-05-31.12:00:52	22	241	52
1	0	2011-05-31.12:00:57	20	241	52
1	0	2011-05-31.12:01:01	19	251	52
1	0	2011-05-31.12:01:06	17	249	52
3	0	2011-05-31.12:01:11	16	248	52
0	0	2011-05-31.12:01:15	14	248	52
1	0	2011-05-31.12:01:20	14	248	52
0	0	2011-05-31.12:01:24	21	246	52
0	0	2011-05-31.12:01:29	20	246	52
0	0	2011-05-31.12:01:34	18	246	52
0	0	2011-05-31.12:01:38	16	246	52
0	0	2011-05-31.12:01:43	15	246	52
1	0	2011-05-31.12:01:47	14	244	52
2	1	2011-05-31.12:01:52	13	244	52
3	1	2011-05-31.12:01:57	12	244	52
2	1	2011-05-31.12:02:01	11	253	51
1	0	2011-05-31.12:02:06	10	250	51
0	0	2011-05-31.12:02:11	9	243	51
1	0	2011-05-31.12:02:16	8	243	51
1	0	2011-05-31.12:02:20	8	243	51
0	0	2011-05-31.12:02:25	8	240	50
0	0	2011-05-31.12:02:30	7	240	50
0	0	2011-05-31.12:02:34	6	240	50
1	0	2011-05-31.12:02:39	6	240	48
0	0	2011-05-31.12:02:43	5	240	48
1	0	2011-05-31.12:02:48	5	239	49
0	0	2011-05-31.12:02:53	5	239	49
1	0	2011-05-31.12:02:57	4	240	50
1	0	2011-05-31.12:03:02	12	250	50
1	0	2011-05-31.12:03:06	11	246	52
2	1	2011-05-31.12:03:11	34	243	54
3	1	2011-05-31.12:03:16	47	243	54
2	1	2011-05-31.12:03:20	51	243	54
0	0	2011-05-31.12:03:26	55	244	54
0	0	2011-05-31.12:03:31	51	244	54
1	0	2011-05-31.12:03:35	55	247	64
1	0	2011-05-31.12:03:40	55	247	64
0	0	2011-05-31.12:03:45	50	243	60
1	0	2011-05-31.12:03:49	54	244	67
1	0	2011-05-31.12:03:54	50	244	67
1	0	2011-05-31.12:03:58	46	244	70
1	0	2011-05-31.12:04:03	42	250	63
1	0	2011-05-31.12:04:08	39	246	62
0	0	2011-05-31.12:04:12	36	245	61
0	0	2011-05-31.12:04:17	33	245	61
0	0	2011-05-31.12:04:22	30	245	61
0	0	2011-05-31.12:04:26	28	243	61
2	1	2011-05-31.12:04:31	25	243	61
3	1	2011-05-31.12:04:35	23	243	61
4	2	2011-05-31.12:04:40	23	243	61
2	1	2011-05-31.12:04:45	22	243	61
0	0	2011-05-31.12:04:49	20	241	61
0	0	2011-05-31.12:04:54	18	241	61
1	0	2011-05-31.12:04:58	17	242	62
1	0	2011-05-31.12:05:03	15	250	62
1	0	2011-05-31.12:05:08	22	249	59
0	0	2011-05-31.12:05:12	20	249	59
1	0	2011-05-31.12:05:17	19	246	59
0	0	2011-05-31.12:05:21	17	246	59
1	0	2011-05-31.12:05:26	16	247	68
1	0	2011-05-31.12:05:31	14	247	68
1	0	2011-05-31.12:05:35	13	250	77
0	0	2011-05-31.12:05:40	13	247	77
1	0	2011-05-31.12:05:44	12	244	77
0	0	2011-05-31.12:05:49	11	242	77
2	1	2011-05-31.12:05:54	10	242	77
2	1	2011-05-31.12:05:59	9	242	79
3	1	2011-05-31.12:06:03	17	250	77
2	1	2011-05-31.12:06:08	15	247	76
1	0	2011-05-31.12:06:13	22	248	76
1	0	2011-05-31.12:06:17	20	248	77
1	0	2011-05-31.12:06:22	19	244	68
1	0	2011-05-31.12:06:27	17	243	62
1	0	2011-05-31.12:06:31	16	243	64
1	0	2011-05-31.12:06:36	14	244	62
1	0	2011-05-31.12:06:40	13	248	74
1	0	2011-05-31.12:06:45	13	248	71
1	0	2011-05-31.12:06:50	12	246	74
1	0	2011-05-31.12:06:54	11	247	86
1	0	2011-05-31.12:06:59	10	245	84
1	0	2011-05-31.12:07:04	17	251	87
1	0	2011-05-31.12:07:08	16	250	87
2	1	2011-05-31.12:07:13	15	248	84
3	1	2011-05-31.12:07:18	21	248	80
3	1	2011-05-31.12:07:22	20	253	75
2	1	2011-05-31.12:07:27	18	252	77
2	1	2011-05-31.12:07:31	17	253	83
2	1	2011-05-31.12:07:36	15	253	84
1	0	2011-05-31.12:07:41	14	249	86
1	0	2011-05-31.12:07:45	29	246	81
1	0	2011-05-31.12:07:50	29	245	78
1	0	2011-05-31.12:07:55	27	248	71
1	0	2011-05-31.12:07:59	24	247	75
