1	0	2011-05-26.09:00:03	4	246	20
0	0	2011-05-26.09:00:07	4	243	20
0	0	2011-05-26.09:00:12	4	244	23
0	0	2011-05-26.09:00:17	3	244	22
0	0	2011-05-26.09:00:21	3	244	25
1	0	2011-05-26.09:00:26	3	240	25
0	0	2011-05-26.09:00:30	2	240	25
1	0	2011-05-26.09:00:35	2	240	29
0	0	2011-05-26.09:00:39	2	240	27
0	0	2011-05-26.09:00:44	2	239	27
0	0	2011-05-26.09:00:48	2	237	27
0	0	2011-05-26.09:00:53	2	237	24
0	0	2011-05-26.09:00:58	2	237	24
1	0	2011-05-26.09:01:02	1	245	24
1	0	2011-05-26.09:01:07	1	244	24
0	0	2011-05-26.09:01:11	1	244	24
0	0	2011-05-26.09:01:16	1	244	24
0	0	2011-05-26.09:01:20	1	244	24
0	0	2011-05-26.09:01:25	1	242	24
0	0	2011-05-26.09:01:30	1	242	24
0	0	2011-05-26.09:01:34	1	242	24
0	0	2011-05-26.09:01:39	1	242	24
0	0	2011-05-26.09:01:43	1	242	24
0	0	2011-05-26.09:01:48	0	241	27
1	1	2011-05-26.09:01:52	0	241	26
1	0	2011-05-26.09:01:57	0	248	41
1	0	2011-05-26.09:02:02	0	258	44
0	0	2011-05-26.09:02:06	0	251	43
1	0	2011-05-26.09:02:11	0	242	43
0	0	2011-05-26.09:02:15	16	243	35
1	0	2011-05-26.09:02:20	15	244	40
0	0	2011-05-26.09:02:25	15	241	40
0	0	2011-05-26.09:02:29	14	241	46
0	0	2011-05-26.09:02:34	21	241	46
1	0	2011-05-26.09:02:38	19	240	43
0	0	2011-05-26.09:02:43	17	240	43
0	0	2011-05-26.09:02:47	16	237	40
0	0	2011-05-26.09:02:52	23	237	37
0	0	2011-05-26.09:02:57	21	237	37
1	0	2011-05-26.09:03:01	19	248	40
1	0	2011-05-26.09:03:06	18	247	40
1	0	2011-05-26.09:03:10	16	243	43
2	1	2011-05-26.09:03:15	15	243	42
2	1	2011-05-26.09:03:20	15	241	40
1	0	2011-05-26.09:03:24	14	239	40
0	0	2011-05-26.09:03:29	12	239	37
1	0	2011-05-26.09:03:33	11	241	40
1	0	2011-05-26.09:03:38	10	243	41
1	0	2011-05-26.09:03:42	10	243	43
0	0	2011-05-26.09:03:47	9	239	45
0	0	2011-05-26.09:03:52	8	238	45
0	0	2011-05-26.09:03:56	7	237	42
0	0	2011-05-26.09:04:01	7	237	39
1	0	2011-05-26.09:04:05	6	246	38
0	0	2011-05-26.09:04:10	6	241	41
1	0	2011-05-26.09:04:15	6	243	44
0	0	2011-05-26.09:04:19	13	242	39
1	0	2011-05-26.09:04:24	12	241	37
1	0	2011-05-26.09:04:28	11	241	36
1	0	2011-05-26.09:04:33	18	242	39
2	1	2011-05-26.09:04:38	25	241	39
1	0	2011-05-26.09:04:42	23	241	42
1	0	2011-05-26.09:04:47	21	242	36
0	0	2011-05-26.09:04:51	19	242	34
1	0	2011-05-26.09:04:56	26	241	39
0	0	2011-05-26.09:05:00	24	242	42
1	0	2011-05-26.09:05:05	22	248	39
0	0	2011-05-26.09:05:10	22	243	39
1	0	2011-05-26.09:05:14	20	244	38
1	0	2011-05-26.09:05:19	18	245	35
0	0	2011-05-26.09:05:23	17	243	37
1	0	2011-05-26.09:05:28	15	243	36
1	0	2011-05-26.09:05:32	14	247	36
0	0	2011-05-26.09:05:37	21	243	39
0	0	2011-05-26.09:05:42	19	242	39
0	0	2011-05-26.09:05:46	18	239	39
1	0	2011-05-26.09:05:51	16	243	36
1	0	2011-05-26.09:05:56	15	243	31
1	0	2011-05-26.09:06:01	14	241	34
1	0	2011-05-26.09:06:05	13	251	33
0	0	2011-05-26.09:06:10	12	246	33
0	0	2011-05-26.09:06:15	12	246	33
1	0	2011-05-26.09:06:19	19	243	32
1	0	2011-05-26.09:06:24	17	244	41
1	0	2011-05-26.09:06:29	16	245	44
0	0	2011-05-26.09:06:33	14	241	43
0	0	2011-05-26.09:06:38	13	241	38
1	0	2011-05-26.09:06:42	20	243	40
1	0	2011-05-26.09:06:47	19	245	41
1	0	2011-05-26.09:06:52	17	246	46
1	0	2011-05-26.09:06:56	16	242	49
0	0	2011-05-26.09:07:01	14	240	47
1	0	2011-05-26.09:07:05	13	248	48
2	0	2011-05-26.09:07:10	12	247	42
0	0	2011-05-26.09:07:14	12	246	39
2	1	2011-05-26.09:07:19	11	248	43
2	1	2011-05-26.09:07:24	18	248	49
2	1	2011-05-26.09:07:28	17	248	52
0	0	2011-05-26.09:07:33	15	245	52
1	0	2011-05-26.09:07:37	14	246	53
0	0	2011-05-26.09:07:42	13	246	51
0	0	2011-05-26.09:07:47	12	243	45
0	0	2011-05-26.09:07:51	27	243	45
1	0	2011-05-26.09:07:56	25	245	51
1	0	2011-05-26.09:08:00	23	245	45
1	0	2011-05-26.09:08:05	21	251	45
0	0	2011-05-26.09:08:10	21	243	45
0	0	2011-05-26.09:08:14	19	243	39
0	0	2011-05-26.09:08:19	18	243	39
0	0	2011-05-26.09:08:23	16	241	39
1	0	2011-05-26.09:08:28	15	242	40
0	0	2011-05-26.09:08:32	30	242	42
0	0	2011-05-26.09:08:37	27	242	42
2	1	2011-05-26.09:08:42	25	241	42
3	1	2011-05-26.09:08:46	39	243	41
1	0	2011-05-26.09:08:51	36	239	41
0	0	2011-05-26.09:08:55	33	239	41
0	0	2011-05-26.09:09:00	30	239	41
1	0	2011-05-26.09:09:05	30	247	41
0	0	2011-05-26.09:09:09	28	243	41
1	0	2011-05-26.09:09:14	26	244	42
0	0	2011-05-26.09:09:18	24	244	42
0	0	2011-05-26.09:09:23	22	242	44
0	0	2011-05-26.09:09:28	20	242	46
1	0	2011-05-26.09:09:32	18	245	43
0	0	2011-05-26.09:09:37	17	241	43
0	0	2011-05-26.09:09:41	15	241	43
0	0	2011-05-26.09:09:46	14	239	43
0	0	2011-05-26.09:09:50	13	239	43
1	0	2011-05-26.09:09:55	12	240	44
0	0	2011-05-26.09:10:00	12	240	44
2	1	2011-05-26.09:10:04	11	248	44
2	1	2011-05-26.09:10:09	10	247	44
2	1	2011-05-26.09:10:13	9	250	45
0	0	2011-05-26.09:10:18	8	249	43
0	0	2011-05-26.09:10:23	8	245	46
0	0	2011-05-26.09:10:27	7	245	44
0	0	2011-05-26.09:10:32	7	244	44
1	0	2011-05-26.09:10:36	6	247	53
0	0	2011-05-26.09:10:41	6	247	53
0	0	2011-05-26.09:10:46	5	242	53
1	0	2011-05-26.09:10:50	5	245	62
1	0	2011-05-26.09:10:55	4	246	61
1	0	2011-05-26.09:10:59	4	244	60
2	0	2011-05-26.09:11:04	4	255	57
1	0	2011-05-26.09:11:09	4	250	69
1	0	2011-05-26.09:11:13	3	248	69
1	0	2011-05-26.09:11:18	3	250	67
2	1	2011-05-26.09:11:23	35	248	79
4	2	2011-05-26.09:11:27	40	248	78
4	2	2011-05-26.09:11:32	53	245	75
2	1	2011-05-26.09:11:36	48	246	69
1	0	2011-05-26.09:11:41	45	246	65
1	0	2011-05-26.09:11:46	41	239	63
1	0	2011-05-26.09:11:50	38	240	63
1	0	2011-05-26.09:11:55	35	240	59
1	0	2011-05-26.09:11:59	35	241	65
1	0	2011-05-26.09:12:04	32	256	65
1	0	2011-05-26.09:12:09	29	256	70
1	0	2011-05-26.09:12:13	51	249	80
1	0	2011-05-26.09:12:18	47	251	76
2	1	2011-05-26.09:12:23	43	246	71
1	0	2011-05-26.09:12:27	40	245	76
1	0	2011-05-26.09:12:32	36	244	76
1	0	2011-05-26.09:12:37	33	248	88
1	0	2011-05-26.09:12:41	31	248	88
3	1	2011-05-26.09:12:46	28	246	94
4	2	2011-05-26.09:12:51	26	252	89
3	1	2011-05-26.09:12:55	32	249	90
2	1	2011-05-26.09:13:00	45	245	85
2	1	2011-05-26.09:13:05	45	253	80
4	1	2011-05-26.09:13:09	42	257	78
1	0	2011-05-26.09:13:14	46	260	92
1	0	2011-05-26.09:13:18	43	254	93
1	0	2011-05-26.09:13:23	39	252	89
1	0	2011-05-26.09:13:28	36	256	96
1	0	2011-05-26.09:13:32	33	260	101
1	0	2011-05-26.09:13:37	30	255	103
1	0	2011-05-26.09:13:42	28	254	99
1	0	2011-05-26.09:13:46	26	248	103
1	0	2011-05-26.09:13:51	32	248	99
2	1	2011-05-26.09:13:56	37	252	94
1	0	2011-05-26.09:14:01	34	251	92
3	1	2011-05-26.09:14:05	31	262	85
3	1	2011-05-26.09:14:10	61	248	82
4	2	2011-05-26.09:14:14	61	248	76
2	1	2011-05-26.09:14:19	88	246	73
2	1	2011-05-26.09:14:24	89	244	73
2	1	2011-05-26.09:14:28	82	252	97
1	0	2011-05-26.09:14:33	83	253	98
1	0	2011-05-26.09:14:38	77	249	93
1	0	2011-05-26.09:14:42	70	248	87
2	1	2011-05-26.09:14:47	65	257	96
1	0	2011-05-26.09:14:52	60	262	115
1	0	2011-05-26.09:14:56	55	255	111
1	0	2011-05-26.09:15:01	50	260	110
1	0	2011-05-26.09:15:06	46	257	116
2	1	2011-05-26.09:15:11	43	259	112
1	0	2011-05-26.09:15:15	39	260	119
1	0	2011-05-26.09:15:20	36	255	111
1	0	2011-05-26.09:15:25	33	253	104
3	1	2011-05-26.09:15:29	33	259	105
5	2	2011-05-26.09:15:34	54	259	114
5	2	2011-05-26.09:15:39	66	262	109
2	1	2011-05-26.09:15:44	69	251	113
2	1	2011-05-26.09:15:48	63	248	112
1	0	2011-05-26.09:15:53	58	247	104
1	0	2011-05-26.09:15:58	53	250	95
1	0	2011-05-26.09:16:03	57	260	87
3	0	2011-05-26.09:16:08	53	263	99
5	1	2011-05-26.09:16:12	56	268	111
2	0	2011-05-26.09:16:17	52	264	99
1	0	2011-05-26.09:16:22	48	256	102
2	1	2011-05-26.09:16:27	60	255	102
1	0	2011-05-26.09:16:31	55	257	102
1	0	2011-05-26.09:16:36	50	258	95
2	1	2011-05-26.09:16:41	46	257	98
1	0	2011-05-26.09:16:45	43	257	102
1	0	2011-05-26.09:16:50	39	251	100
3	1	2011-05-26.09:16:54	39	255	96
4	2	2011-05-26.09:16:59	52	254	96
4	2	2011-05-26.09:17:04	48	262	108
2	1	2011-05-26.09:17:08	44	258	105
2	1	2011-05-26.09:17:13	48	253	96
1	0	2011-05-26.09:17:18	45	252	95
1	0	2011-05-26.09:17:23	41	249	88
1	0	2011-05-26.09:17:28	38	256	79
1	0	2011-05-26.09:17:32	35	257	79
2	0	2011-05-26.09:17:37	32	263	112
1	0	2011-05-26.09:17:42	29	264	111
1	0	2011-05-26.09:17:46	27	258	109
1	0	2011-05-26.09:17:51	25	251	106
1	0	2011-05-26.09:17:56	23	250	111
1	0	2011-05-26.09:18:00	21	251	107
1	0	2011-05-26.09:18:05	19	261	100
3	1	2011-05-26.09:18:10	18	260	100
3	1	2011-05-26.09:18:14	18	254	98
3	1	2011-05-26.09:18:19	32	260	102
3	1	2011-05-26.09:18:24	70	255	110
2	1	2011-05-26.09:18:29	72	264	124
2	1	2011-05-26.09:18:34	82	257	123
1	0	2011-05-26.09:18:38	76	251	120
1	0	2011-05-26.09:18:43	70	252	113
1	0	2011-05-26.09:18:48	64	249	95
2	1	2011-05-26.09:18:52	59	253	88
1	0	2011-05-26.09:18:57	54	257	84
1	0	2011-05-26.09:19:02	66	259	82
1	0	2011-05-26.09:19:07	60	257	82
3	0	2011-05-26.09:19:12	64	263	74
1	0	2011-05-26.09:19:16	58	254	69
1	0	2011-05-26.09:19:21	54	265	92
1	0	2011-05-26.09:19:26	49	263	100
1	0	2011-05-26.09:19:30	45	253	94
3	1	2011-05-26.09:19:35	58	264	91
4	2	2011-05-26.09:19:40	53	259	92
3	1	2011-05-26.09:19:45	53	266	98
2	1	2011-05-26.09:19:49	49	258	95
1	0	2011-05-26.09:19:54	53	254	92
2	1	2011-05-26.09:19:59	49	253	86
1	0	2011-05-26.09:20:03	45	262	88
1	0	2011-05-26.09:20:08	41	252	88
1	0	2011-05-26.09:20:13	38	252	94
1	0	2011-05-26.09:20:17	35	256	87
1	0	2011-05-26.09:20:22	32	261	84
1	0	2011-05-26.09:20:27	37	253	79
1	0	2011-05-26.09:20:32	42	250	79
1	0	2011-05-26.09:20:36	39	252	90
1	0	2011-05-26.09:20:41	36	266	113
1	0	2011-05-26.09:20:46	33	263	102
1	0	2011-05-26.09:20:50	30	251	114
2	1	2011-05-26.09:20:55	36	253	110
5	2	2011-05-26.09:21:00	36	251	114
6	3	2011-05-26.09:21:04	33	258	110
5	2	2011-05-26.09:21:09	30	262	102
2	1	2011-05-26.09:21:14	28	262	98
2	1	2011-05-26.09:21:18	26	250	93
1	0	2011-05-26.09:21:23	24	248	89
1	0	2011-05-26.09:21:28	22	249	92
1	0	2011-05-26.09:21:32	20	249	91
1	0	2011-05-26.09:21:37	34	248	87
1	0	2011-05-26.09:21:42	31	248	78
1	0	2011-05-26.09:21:46	29	246	78
1	0	2011-05-26.09:21:51	27	250	65
1	0	2011-05-26.09:21:55	24	259	104
1	0	2011-05-26.09:22:00	22	262	99
2	0	2011-05-26.09:22:05	29	267	116
3	0	2011-05-26.09:22:09	29	260	112
2	0	2011-05-26.09:22:14	34	257	117
2	1	2011-05-26.09:22:19	32	254	114
4	2	2011-05-26.09:22:24	61	255	116
4	2	2011-05-26.09:22:28	80	262	128
3	1	2011-05-26.09:22:33	74	263	132
1	0	2011-05-26.09:22:38	84	256	126
1	0	2011-05-26.09:22:42	77	256	128
1	0	2011-05-26.09:22:47	79	253	132
2	1	2011-05-26.09:22:52	72	252	120
2	1	2011-05-26.09:22:56	67	254	100
1	0	2011-05-26.09:23:01	69	250	97
1	0	2011-05-26.09:23:06	64	260	87
2	1	2011-05-26.09:23:11	59	268	105
1	0	2011-05-26.09:23:15	54	257	102
1	0	2011-05-26.09:23:20	50	260	112
1	0	2011-05-26.09:23:25	46	257	103
1	0	2011-05-26.09:23:30	42	257	99
1	0	2011-05-26.09:23:35	55	261	93
2	1	2011-05-26.09:23:40	50	255	91
4	2	2011-05-26.09:23:45	62	252	93
4	2	2011-05-26.09:23:49	62	252	82
2	1	2011-05-26.09:23:55	57	259	112
1	0	2011-05-26.09:23:59	53	265	102
2	1	2011-05-26.09:24:04	48	264	109
1	0	2011-05-26.09:24:09	44	258	107
1	0	2011-05-26.09:24:14	41	259	109
1	0	2011-05-26.09:24:18	38	259	103
1	0	2011-05-26.09:24:23	35	253	87
2	1	2011-05-26.09:24:28	32	257	99
1	0	2011-05-26.09:24:32	29	262	100
2	0	2011-05-26.09:24:37	27	269	108
1	0	2011-05-26.09:24:42	25	263	105
1	0	2011-05-26.09:24:46	39	258	104
1	0	2011-05-26.09:24:51	36	252	95
1	0	2011-05-26.09:24:56	33	253	87
3	1	2011-05-26.09:25:00	30	258	95
5	2	2011-05-26.09:25:05	28	264	96
7	2	2011-05-26.09:25:10	28	262	101
3	1	2011-05-26.09:25:14	33	259	98
2	1	2011-05-26.09:25:19	39	258	92
1	0	2011-05-26.09:25:24	36	257	90
2	1	2011-05-26.09:25:29	33	261	83
1	0	2011-05-26.09:25:34	30	264	98
1	0	2011-05-26.09:25:38	28	270	105
1	0	2011-05-26.09:25:43	33	264	106
1	0	2011-05-26.09:25:48	31	259	105
1	0	2011-05-26.09:25:52	36	258	101
1	0	2011-05-26.09:25:57	33	254	97
1	0	2011-05-26.09:26:02	47	266	91
1	0	2011-05-26.09:26:06	43	267	83
1	0	2011-05-26.09:26:11	39	263	81
1	0	2011-05-26.09:26:16	36	269	113
2	1	2011-05-26.09:26:20	33	266	111
4	2	2011-05-26.09:26:25	31	259	105
4	2	2011-05-26.09:26:30	31	255	108
3	1	2011-05-26.09:26:34	36	256	104
2	1	2011-05-26.09:26:39	33	253	99
2	1	2011-05-26.09:26:44	30	253	93
2	1	2011-05-26.09:26:48	28	256	93
1	0	2011-05-26.09:26:53	26	253	87
1	0	2011-05-26.09:26:58	32	254	85
1	0	2011-05-26.09:27:02	29	266	94
1	0	2011-05-26.09:27:07	51	260	91
1	0	2011-05-26.09:27:12	47	255	94
1	0	2011-05-26.09:27:16	43	258	100
1	0	2011-05-26.09:27:21	39	257	100
1	0	2011-05-26.09:27:26	36	254	93
1	0	2011-05-26.09:27:31	33	259	88
1	0	2011-05-26.09:27:35	31	268	99
1	0	2011-05-26.09:27:40	36	261	109
4	2	2011-05-26.09:27:45	49	263	101
4	2	2011-05-26.09:27:50	49	253	102
4	2	2011-05-26.09:27:54	53	254	96
2	1	2011-05-26.09:27:59	49	253	94
2	1	2011-05-26.09:28:04	53	264	85
3	1	2011-05-26.09:28:09	49	265	80
4	1	2011-05-26.09:28:13	53	264	75
1	0	2011-05-26.09:28:18	49	258	70
1	0	2011-05-26.09:28:23	45	267	100
1	0	2011-05-26.09:28:28	41	269	93
1	0	2011-05-26.09:28:32	38	259	107
1	0	2011-05-26.09:28:37	35	259	100
1	0	2011-05-26.09:28:42	32	257	106
1	0	2011-05-26.09:28:46	29	253	99
1	0	2011-05-26.09:28:51	27	251	95
1	0	2011-05-26.09:28:56	25	252	97
2	1	2011-05-26.09:29:00	23	256	89
3	1	2011-05-26.09:29:05	21	264	88
4	2	2011-05-26.09:29:09	21	255	91
4	2	2011-05-26.09:29:14	19	255	88
2	1	2011-05-26.09:29:19	26	257	97
2	1	2011-05-26.09:29:24	24	253	88
1	0	2011-05-26.09:29:29	22	250	88
1	0	2011-05-26.09:29:33	20	250	79
1	0	2011-05-26.09:29:38	18	253	83
1	0	2011-05-26.09:29:43	17	257	88
1	0	2011-05-26.09:29:47	15	261	116
1	0	2011-05-26.09:29:52	14	263	116
1	0	2011-05-26.09:29:57	13	250	107
3	1	2011-05-26.09:30:01	12	270	109
1	0	2011-05-26.09:30:06	11	260	107
2	1	2011-05-26.09:30:11	10	252	101
1	0	2011-05-26.09:30:15	9	252	99
1	0	2011-05-26.09:30:20	8	257	86
2	1	2011-05-26.09:30:25	8	257	78
4	2	2011-05-26.09:30:29	8	257	83
5	2	2011-05-26.09:30:34	15	261	108
2	1	2011-05-26.09:30:39	14	261	112
2	1	2011-05-26.09:30:43	13	257	112
2	1	2011-05-26.09:30:48	12	253	112
2	1	2011-05-26.09:30:53	19	252	101
2	1	2011-05-26.09:30:57	17	251	101
1	0	2011-05-26.09:31:02	24	261	108
1	0	2011-05-26.09:31:07	22	258	107
6	1	2011-05-26.09:31:12	36	259	103
3	0	2011-05-26.09:31:16	41	254	95
1	0	2011-05-26.09:31:21	62	260	92
1	0	2011-05-26.09:31:26	65	258	89
1	0	2011-05-26.09:31:31	60	262	112
1	0	2011-05-26.09:31:35	55	262	114
1	0	2011-05-26.09:31:40	50	263	106
2	1	2011-05-26.09:31:45	50	251	101
2	1	2011-05-26.09:31:49	78	249	99
6	3	2011-05-26.09:31:54	88	249	98
4	2	2011-05-26.09:31:59	89	251	92
3	1	2011-05-26.09:32:03	90	260	86
2	1	2011-05-26.09:32:09	83	258	97
2	1	2011-05-26.09:32:13	76	258	94
1	0	2011-05-26.09:32:18	70	256	101
1	0	2011-05-26.09:32:23	72	256	107
1	0	2011-05-26.09:32:27	67	252	102
1	0	2011-05-26.09:32:32	61	249	98
1	0	2011-05-26.09:32:37	56	254	98
1	0	2011-05-26.09:32:41	52	259	99
1	0	2011-05-26.09:32:46	48	254	95
3	1	2011-05-26.09:32:51	52	258	104
1	0	2011-05-26.09:32:55	48	263	98
1	0	2011-05-26.09:33:00	44	251	95
3	1	2011-05-26.09:33:05	44	256	87
3	1	2011-05-26.09:33:09	40	261	96
4	2	2011-05-26.09:33:14	37	258	104
4	2	2011-05-26.09:33:19	42	255	90
2	1	2011-05-26.09:33:23	55	257	111
2	1	2011-05-26.09:33:28	74	258	113
1	0	2011-05-26.09:33:33	68	256	118
1	0	2011-05-26.09:33:37	63	252	105
2	1	2011-05-26.09:33:42	58	250	98
1	0	2011-05-26.09:33:47	53	253	96
1	0	2011-05-26.09:33:51	49	249	90
1	0	2011-05-26.09:33:56	45	249	96
1	0	2011-05-26.09:34:01	41	253	92
3	1	2011-05-26.09:34:05	46	261	89
4	1	2011-05-26.09:34:10	42	257	97
5	0	2011-05-26.09:34:15	42	263	106
2	0	2011-05-26.09:34:19	39	259	111
2	1	2011-05-26.09:34:24	36	254	101
2	1	2011-05-26.09:34:29	33	255	97
2	1	2011-05-26.09:34:34	46	255	91
5	2	2011-05-26.09:34:38	50	258	109
4	2	2011-05-26.09:34:43	46	262	110
2	1	2011-05-26.09:34:48	43	263	105
2	1	2011-05-26.09:34:52	39	255	108
2	1	2011-05-26.09:34:57	36	254	107
2	1	2011-05-26.09:35:02	33	265	109
1	0	2011-05-26.09:35:06	30	260	102
1	0	2011-05-26.09:35:11	28	256	100
1	0	2011-05-26.09:35:16	26	258	94
1	0	2011-05-26.09:35:21	24	253	88
2	0	2011-05-26.09:35:25	22	264	97
1	0	2011-05-26.09:35:30	20	263	104
1	0	2011-05-26.09:35:35	20	263	109
1	0	2011-05-26.09:35:39	18	267	123
1	0	2011-05-26.09:35:44	17	257	120
1	0	2011-05-26.09:35:49	16	252	117
3	1	2011-05-26.09:35:54	14	252	98
4	2	2011-05-26.09:35:58	21	255	102
3	1	2011-05-26.09:36:03	19	267	111
2	1	2011-05-26.09:36:08	18	262	105
3	1	2011-05-26.09:36:12	16	257	109
2	1	2011-05-26.09:36:17	23	256	104
1	0	2011-05-26.09:36:22	21	256	92
1	0	2011-05-26.09:36:26	35	255	82
1	0	2011-05-26.09:36:31	33	258	76
1	0	2011-05-26.09:36:35	30	261	76
1	0	2011-05-26.09:36:40	28	263	92
1	0	2011-05-26.09:36:45	28	262	98
1	0	2011-05-26.09:36:50	25	252	93
1	0	2011-05-26.09:36:54	31	255	86
1	0	2011-05-26.09:36:59	29	254	78
2	0	2011-05-26.09:37:04	26	264	83
3	0	2011-05-26.09:37:08	24	266	92
8	1	2011-05-26.09:37:13	30	268	95
8	2	2011-05-26.09:37:18	44	265	99
5	1	2011-05-26.09:37:22	56	261	102
2	1	2011-05-26.09:37:27	52	261	110
2	1	2011-05-26.09:37:32	56	263	98
2	1	2011-05-26.09:37:36	51	262	86
3	1	2011-05-26.09:37:41	47	267	116
2	1	2011-05-26.09:37:46	51	269	104
3	1	2011-05-26.09:37:50	55	264	99
1	0	2011-05-26.09:37:55	51	255	101
1	0	2011-05-26.09:38:00	51	251	103
1	0	2011-05-26.09:38:04	63	258	96
1	0	2011-05-26.09:38:09	66	252	86
1	0	2011-05-26.09:38:14	68	253	88
1	0	2011-05-26.09:38:18	63	256	87
1	0	2011-05-26.09:38:23	58	252	87
1	0	2011-05-26.09:38:28	69	251	90
2	1	2011-05-26.09:38:32	80	251	90
5	2	2011-05-26.09:38:37	89	251	83
4	2	2011-05-26.09:38:42	98	257	87
2	1	2011-05-26.09:38:46	90	256	94
2	1	2011-05-26.09:38:51	83	257	88
1	0	2011-05-26.09:38:56	76	249	88
1	0	2011-05-26.09:39:00	70	250	98
2	1	2011-05-26.09:39:05	70	263	94
2	1	2011-05-26.09:39:09	72	258	90
2	1	2011-05-26.09:39:14	67	264	94
1	0	2011-05-26.09:39:19	61	257	104
1	0	2011-05-26.09:39:23	56	254	106
1	0	2011-05-26.09:39:28	52	250	98
1	0	2011-05-26.09:39:33	48	253	104
1	0	2011-05-26.09:39:37	44	255	103
1	0	2011-05-26.09:39:42	40	257	92
1	0	2011-05-26.09:39:47	37	249	88
1	0	2011-05-26.09:39:51	34	250	88
3	1	2011-05-26.09:39:56	39	251	88
5	2	2011-05-26.09:40:01	44	267	105
2	1	2011-05-26.09:40:05	41	261	99
6	1	2011-05-26.09:40:10	37	260	97
6	1	2011-05-26.09:40:15	37	258	99
2	0	2011-05-26.09:40:19	42	260	98
1	0	2011-05-26.09:40:24	39	257	105
1	0	2011-05-26.09:40:29	36	259	99
1	0	2011-05-26.09:40:33	41	257	109
1	0	2011-05-26.09:40:38	38	259	104
2	1	2011-05-26.09:40:43	35	264	113
1	0	2011-05-26.09:40:47	40	260	102
1	0	2011-05-26.09:40:52	37	257	100
1	0	2011-05-26.09:40:57	34	256	103
2	1	2011-05-26.09:41:01	39	265	101
1	0	2011-05-26.09:41:06	44	254	97
1	0	2011-05-26.09:41:11	40	255	94
2	1	2011-05-26.09:41:15	61	257	85
4	2	2011-05-26.09:41:20	56	262	104
6	3	2011-05-26.09:41:25	56	263	98
4	2	2011-05-26.09:41:29	92	263	116
2	1	2011-05-26.09:41:34	108	258	115
2	1	2011-05-26.09:41:39	100	257	115
2	1	2011-05-26.09:41:43	100	256	120
1	0	2011-05-26.09:41:48	100	255	122
1	0	2011-05-26.09:41:53	92	247	116
3	1	2011-05-26.09:41:57	92	250	95
3	1	2011-05-26.09:42:02	101	260	92
1	0	2011-05-26.09:42:07	93	256	86
3	1	2011-05-26.09:42:12	85	252	86
1	0	2011-05-26.09:42:16	78	254	86
1	0	2011-05-26.09:42:21	72	258	80
1	0	2011-05-26.09:42:26	66	261	78
3	1	2011-05-26.09:42:31	109	275	113
3	1	2011-05-26.09:42:35	100	278	111
3	1	2011-05-26.09:42:40	92	272	118
5	2	2011-05-26.09:42:45	92	261	118
3	1	2011-05-26.09:42:49	93	260	125
2	1	2011-05-26.09:42:54	85	257	115
3	1	2011-05-26.09:42:59	79	258	111
3	1	2011-05-26.09:43:04	72	268	102
4	1	2011-05-26.09:43:08	82	266	94
6	1	2011-05-26.09:43:13	84	263	94
5	1	2011-05-26.09:43:17	77	259	93
2	1	2011-05-26.09:43:22	71	256	90
2	1	2011-05-26.09:43:27	65	258	99
1	0	2011-05-26.09:43:31	60	261	93
1	0	2011-05-26.09:43:36	55	254	88
3	1	2011-05-26.09:43:41	51	259	91
1	0	2011-05-26.09:43:45	47	256	93
1	0	2011-05-26.09:43:50	43	252	92
1	0	2011-05-26.09:43:55	43	257	91
2	1	2011-05-26.09:43:59	55	256	90
5	2	2011-05-26.09:44:04	59	260	87
6	3	2011-05-26.09:44:09	54	257	92
5	3	2011-05-26.09:44:13	74	261	104
2	1	2011-05-26.09:44:18	92	261	99
2	1	2011-05-26.09:44:23	85	257	99
2	1	2011-05-26.09:44:27	78	255	91
1	0	2011-05-26.09:44:32	71	258	89
1	0	2011-05-26.09:44:37	74	256	95
2	1	2011-05-26.09:44:41	68	256	100
1	0	2011-05-26.09:44:46	62	253	96
1	0	2011-05-26.09:44:51	57	250	100
1	0	2011-05-26.09:44:55	53	253	91
1	0	2011-05-26.09:45:00	48	255	95
1	0	2011-05-26.09:45:05	48	257	92
1	0	2011-05-26.09:45:09	45	254	92
1	0	2011-05-26.09:45:14	41	252	89
2	1	2011-05-26.09:45:18	38	255	86
4	2	2011-05-26.09:45:23	59	255	81
5	3	2011-05-26.09:45:28	94	255	74
3	2	2011-05-26.09:45:33	126	255	73
2	1	2011-05-26.09:45:37	140	255	71
2	1	2011-05-26.09:45:42	137	258	92
1	0	2011-05-26.09:45:47	126	261	85
1	0	2011-05-26.09:45:51	116	262	112
1	0	2011-05-26.09:45:56	107	260	105
1	0	2011-05-26.09:46:01	98	249	99
3	1	2011-05-26.09:46:05	90	262	95
5	1	2011-05-26.09:46:10	91	262	96
5	1	2011-05-26.09:46:15	91	262	99
3	0	2011-05-26.09:46:19	100	260	101
1	0	2011-05-26.09:46:24	92	261	99
1	0	2011-05-26.09:46:29	84	259	102
1	0	2011-05-26.09:46:34	77	263	113
2	1	2011-05-26.09:46:38	95	262	108
4	2	2011-05-26.09:46:43	88	260	101
5	2	2011-05-26.09:46:48	89	255	100
3	2	2011-05-26.09:46:53	89	254	97
2	1	2011-05-26.09:46:57	82	255	102
2	1	2011-05-26.09:47:02	76	265	98
2	1	2011-05-26.09:47:07	70	260	96
1	0	2011-05-26.09:47:11	64	264	97
1	0	2011-05-26.09:47:16	59	259	101
1	0	2011-05-26.09:47:21	54	253	101
1	0	2011-05-26.09:47:25	50	251	96
1	0	2011-05-26.09:47:30	46	258	88
1	0	2011-05-26.09:47:35	46	257	84
1	0	2011-05-26.09:47:39	42	258	90
1	0	2011-05-26.09:47:44	39	267	99
1	0	2011-05-26.09:47:49	36	268	120
1	0	2011-05-26.09:47:53	33	258	116
1	0	2011-05-26.09:47:58	30	256	109
3	1	2011-05-26.09:48:03	44	266	110
4	2	2011-05-26.09:48:07	40	266	108
4	2	2011-05-26.09:48:12	37	260	110
2	1	2011-05-26.09:48:17	34	261	117
1	0	2011-05-26.09:48:21	31	261	118
1	0	2011-05-26.09:48:26	29	250	114
1	0	2011-05-26.09:48:31	34	251	108
1	0	2011-05-26.09:48:35	32	255	109
1	0	2011-05-26.09:48:40	61	261	105
1	0	2011-05-26.09:48:45	61	264	116
3	1	2011-05-26.09:48:49	72	259	107
1	0	2011-05-26.09:48:54	66	251	102
1	0	2011-05-26.09:48:59	77	253	95
2	0	2011-05-26.09:49:03	71	266	106
3	0	2011-05-26.09:49:08	65	263	104
5	0	2011-05-26.09:49:13	68	257	102
7	1	2011-05-26.09:49:17	62	259	98
4	1	2011-05-26.09:49:22	65	257	95
5	2	2011-05-26.09:49:27	60	260	93
4	2	2011-05-26.09:49:31	95	260	101
2	1	2011-05-26.09:49:36	96	263	104
2	1	2011-05-26.09:49:41	88	257	99
1	0	2011-05-26.09:49:45	81	256	99
1	0	2011-05-26.09:49:50	74	253	97
1	0	2011-05-26.09:49:55	74	255	92
1	0	2011-05-26.09:49:59	68	262	119
2	0	2011-05-26.09:50:04	63	273	114
1	0	2011-05-26.09:50:09	58	267	105
2	1	2011-05-26.09:50:13	53	262	111
1	0	2011-05-26.09:50:18	65	262	109
1	0	2011-05-26.09:50:23	60	262	100
1	0	2011-05-26.09:50:28	55	262	117
2	1	2011-05-26.09:50:32	50	270	131
2	1	2011-05-26.09:50:37	46	264	130
2	1	2011-05-26.09:50:42	51	260	132
4	2	2011-05-26.09:50:46	55	257	130
7	3	2011-05-26.09:50:51	58	255	131
6	3	2011-05-26.09:50:56	69	256	116
2	1	2011-05-26.09:51:01	64	252	105
3	1	2011-05-26.09:51:05	67	265	104
2	1	2011-05-26.09:51:11	69	270	94
3	1	2011-05-26.09:51:16	72	276	124
1	0	2011-05-26.09:51:20	66	269	130
1	0	2011-05-26.09:51:25	61	257	129
1	0	2011-05-26.09:51:30	56	256	118
2	1	2011-05-26.09:51:35	51	254	124
1	0	2011-05-26.09:51:40	51	257	109
1	0	2011-05-26.09:51:44	47	260	113
1	0	2011-05-26.09:51:49	43	260	133
3	1	2011-05-26.09:51:54	40	266	134
2	1	2011-05-26.09:51:59	45	264	130
3	1	2011-05-26.09:52:03	49	268	119
4	1	2011-05-26.09:52:08	45	263	120
8	2	2011-05-26.09:52:13	58	258	97
4	2	2011-05-26.09:52:18	53	256	102
2	1	2011-05-26.09:52:22	49	254	92
2	1	2011-05-26.09:52:28	45	256	95
2	1	2011-05-26.09:52:32	41	263	117
2	1	2011-05-26.09:52:37	38	265	105
1	0	2011-05-26.09:52:42	35	256	102
1	0	2011-05-26.09:52:47	32	250	97
1	0	2011-05-26.09:52:51	29	251	86
1	0	2011-05-26.09:52:56	27	252	84
1	0	2011-05-26.09:53:01	25	255	72
1	0	2011-05-26.09:53:05	23	258	70
1	0	2011-05-26.09:53:10	21	253	70
1	0	2011-05-26.09:53:15	19	251	70
1	0	2011-05-26.09:53:20	19	251	70
3	1	2011-05-26.09:53:24	18	267	114
2	1	2011-05-26.09:53:29	16	267	114
4	2	2011-05-26.09:53:34	31	262	98
5	2	2011-05-26.09:53:38	28	256	112
2	1	2011-05-26.09:53:43	26	258	109
2	1	2011-05-26.09:53:48	24	247	107
2	1	2011-05-26.09:53:52	22	249	100
1	0	2011-05-26.09:53:57	20	246	96
1	0	2011-05-26.09:54:02	27	255	91
1	0	2011-05-26.09:54:06	24	254	93
2	1	2011-05-26.09:54:11	30	259	96
1	0	2011-05-26.09:54:16	28	256	95
1	0	2011-05-26.09:54:20	34	253	89
1	0	2011-05-26.09:54:25	31	252	93
1	0	2011-05-26.09:54:30	31	258	93
1	0	2011-05-26.09:54:34	29	256	93
1	0	2011-05-26.09:54:39	26	249	89
1	0	2011-05-26.09:54:44	56	257	114
2	1	2011-05-26.09:54:48	52	256	112
4	2	2011-05-26.09:54:53	47	250	105
4	2	2011-05-26.09:54:58	44	262	108
3	1	2011-05-26.09:55:02	40	275	111
2	1	2011-05-26.09:55:07	37	266	107
5	1	2011-05-26.09:55:12	34	268	93
3	1	2011-05-26.09:55:16	31	271	116
2	1	2011-05-26.09:55:21	29	271	104
2	1	2011-05-26.09:55:26	26	267	105
2	1	2011-05-26.09:55:31	24	265	107
1	0	2011-05-26.09:55:35	22	262	104
1	0	2011-05-26.09:55:40	20	261	96
2	1	2011-05-26.09:55:45	20	262	97
1	0	2011-05-26.09:55:49	19	256	97
1	0	2011-05-26.09:55:54	17	260	88
1	0	2011-05-26.09:55:58	16	259	94
1	0	2011-05-26.09:56:03	15	267	89
3	1	2011-05-26.09:56:08	13	271	105
3	1	2011-05-26.09:56:12	12	262	102
4	2	2011-05-26.09:56:17	27	261	105
3	2	2011-05-26.09:56:22	33	255	107
3	1	2011-05-26.09:56:26	30	264	118
2	1	2011-05-26.09:56:31	28	261	118
2	1	2011-05-26.09:56:36	42	263	122
2	1	2011-05-26.09:56:41	54	257	121
1	0	2011-05-26.09:56:46	58	252	112
1	0	2011-05-26.09:56:50	69	251	111
1	0	2011-05-26.09:56:55	80	253	109
1	0	2011-05-26.09:57:00	80	253	106
3	1	2011-05-26.09:57:04	81	272	111
3	1	2011-05-26.09:57:09	75	276	99
3	1	2011-05-26.09:57:14	77	268	114
1	0	2011-05-26.09:57:19	79	262	116
1	0	2011-05-26.09:57:23	72	251	107
2	1	2011-05-26.09:57:28	66	255	96
3	1	2011-05-26.09:57:33	61	255	102
6	3	2011-05-26.09:57:37	56	256	97
6	3	2011-05-26.09:57:42	60	260	101
4	2	2011-05-26.09:57:47	63	258	108
2	1	2011-05-26.09:57:51	58	256	110
2	1	2011-05-26.09:57:56	61	252	107
1	0	2011-05-26.09:58:01	56	256	107
1	0	2011-05-26.09:58:05	52	264	98
5	1	2011-05-26.09:58:10	56	261	98
6	1	2011-05-26.09:58:15	59	267	91
2	0	2011-05-26.09:58:20	59	262	89
1	0	2011-05-26.09:58:24	54	258	85
3	1	2011-05-26.09:58:29	50	264	105
1	0	2011-05-26.09:58:34	46	273	101
1	0	2011-05-26.09:58:39	42	270	98
1	0	2011-05-26.09:58:43	39	270	107
2	1	2011-05-26.09:58:48	44	267	96
3	1	2011-05-26.09:58:53	40	267	112
5	2	2011-05-26.09:58:57	37	265	109
5	2	2011-05-26.09:59:02	42	268	103
4	2	2011-05-26.09:59:07	55	264	91
2	1	2011-05-26.09:59:11	66	258	92
2	1	2011-05-26.09:59:16	61	257	93
2	1	2011-05-26.09:59:21	56	262	84
1	0	2011-05-26.09:59:26	52	251	82
1	0	2011-05-26.09:59:30	47	258	73
1	0	2011-05-26.09:59:35	44	266	100
1	0	2011-05-26.09:59:40	44	267	102
1	0	2011-05-26.09:59:44	48	260	112
1	0	2011-05-26.09:59:49	44	261	117
1	0	2011-05-26.09:59:54	41	260	116
2	1	2011-05-26.09:59:59	45	255	115
1	0	2011-05-26.10:00:03	42	265	124
2	1	2011-05-26.10:00:08	46	261	116
3	1	2011-05-26.10:00:13	43	263	125
5	2	2011-05-26.10:00:17	47	267	126
6	3	2011-05-26.10:00:22	43	260	128
4	2	2011-05-26.10:00:27	40	257	121
2	1	2011-05-26.10:00:32	37	260	122
2	1	2011-05-26.10:00:36	34	256	115
3	1	2011-05-26.10:00:41	31	258	101
1	0	2011-05-26.10:00:46	28	258	91
1	0	2011-05-26.10:00:50	26	253	93
1	0	2011-05-26.10:00:55	24	252	87
1	0	2011-05-26.10:01:00	24	254	98
2	0	2011-05-26.10:01:04	22	266	112
6	1	2011-05-26.10:01:09	28	264	103
6	1	2011-05-26.10:01:14	42	266	121
4	0	2011-05-26.10:01:18	47	266	117
2	0	2011-05-26.10:01:23	51	260	121
1	0	2011-05-26.10:01:28	47	265	119
2	1	2011-05-26.10:01:33	43	263	106
4	2	2011-05-26.10:01:38	56	263	102
6	3	2011-05-26.10:01:43	83	266	115
4	2	2011-05-26.10:01:47	76	265	111
2	1	2011-05-26.10:01:52	102	266	120
2	1	2011-05-26.10:01:57	94	263	119
3	1	2011-05-26.10:02:01	87	272	111
1	0	2011-05-26.10:02:06	80	259	115
2	1	2011-05-26.10:02:12	73	260	104
2	1	2011-05-26.10:02:16	67	257	104
1	0	2011-05-26.10:02:21	62	262	97
2	1	2011-05-26.10:02:26	57	260	110
1	0	2011-05-26.10:02:30	60	260	106
1	0	2011-05-26.10:02:35	56	255	109
1	0	2011-05-26.10:02:40	56	260	98
1	0	2011-05-26.10:02:44	51	260	97
1	0	2011-05-26.10:02:49	47	258	105
1	0	2011-05-26.10:02:54	59	255	99
3	1	2011-05-26.10:02:58	62	256	101
5	2	2011-05-26.10:03:03	57	269	98
4	2	2011-05-26.10:03:07	85	267	90
2	1	2011-05-26.10:03:12	110	264	107
1	0	2011-05-26.10:03:17	101	261	103
2	1	2011-05-26.10:03:21	93	254	100
1	0	2011-05-26.10:03:26	86	254	94
1	0	2011-05-26.10:03:31	79	255	91
1	0	2011-05-26.10:03:35	72	256	90
1	0	2011-05-26.10:03:40	66	263	96
1	0	2011-05-26.10:03:45	66	262	98
1	0	2011-05-26.10:03:49	77	257	98
1	0	2011-05-26.10:03:54	71	255	100
1	0	2011-05-26.10:03:59	65	257	102
1	0	2011-05-26.10:04:04	68	269	97
3	0	2011-05-26.10:04:09	63	264	91
6	1	2011-05-26.10:04:13	58	265	90
6	1	2011-05-26.10:04:18	53	267	107
4	2	2011-05-26.10:04:23	49	262	104
4	2	2011-05-26.10:04:27	45	254	99
2	1	2011-05-26.10:04:32	41	255	95
2	1	2011-05-26.10:04:37	38	254	103
1	0	2011-05-26.10:04:41	51	253	99
2	1	2011-05-26.10:04:46	47	252	98
1	0	2011-05-26.10:04:51	51	253	95
1	0	2011-05-26.10:04:55	47	249	94
1	0	2011-05-26.10:05:00	43	250	91
2	0	2011-05-26.10:05:05	43	262	93
1	0	2011-05-26.10:05:09	56	258	103
1	0	2011-05-26.10:05:14	67	255	94
1	0	2011-05-26.10:05:19	62	252	77
1	0	2011-05-26.10:05:24	57	248	82
1	0	2011-05-26.10:05:28	60	247	77
2	0	2011-05-26.10:05:33	55	257	99
1	0	2011-05-26.10:05:37	51	256	102
4	2	2011-05-26.10:05:42	55	254	97
4	2	2011-05-26.10:05:47	66	245	98
2	1	2011-05-26.10:05:51	61	247	98
2	1	2011-05-26.10:05:56	56	250	88
2	1	2011-05-26.10:06:01	52	250	94
1	0	2011-05-26.10:06:05	47	259	94
2	1	2011-05-26.10:06:10	44	258	101
1	0	2011-05-26.10:06:15	44	257	102
1	0	2011-05-26.10:06:19	40	260	92
1	0	2011-05-26.10:06:24	45	256	98
1	0	2011-05-26.10:06:30	38	253	93
1	0	2011-05-26.10:06:35	35	252	92
1	0	2011-05-26.10:06:40	35	259	89
1	0	2011-05-26.10:06:44	32	256	98
1	0	2011-05-26.10:06:50	35	258	113
1	0	2011-05-26.10:06:55	32	255	111
2	1	2011-05-26.10:07:00	32	252	107
5	2	2011-05-26.10:07:04	30	257	100
7	2	2011-05-26.10:07:09	43	258	102
8	2	2011-05-26.10:07:14	40	258	95
5	1	2011-05-26.10:07:18	45	259	98
2	1	2011-05-26.10:07:23	41	264	84
2	1	2011-05-26.10:07:28	46	265	114
1	0	2011-05-26.10:07:32	42	267	122
1	0	2011-05-26.10:07:37	39	265	116
2	1	2011-05-26.10:07:42	35	261	117
1	0	2011-05-26.10:07:46	49	259	122
1	0	2011-05-26.10:07:51	45	259	112
1	0	2011-05-26.10:07:56	41	254	100
1	0	2011-05-26.10:08:00	38	253	88
1	0	2011-05-26.10:08:05	35	261	86
1	0	2011-05-26.10:08:10	40	254	88
1	0	2011-05-26.10:08:14	40	261	88
1	0	2011-05-26.10:08:19	37	260	91
3	1	2011-05-26.10:08:24	34	257	88
4	2	2011-05-26.10:08:28	31	259	104
4	2	2011-05-26.10:08:33	53	259	93
2	1	2011-05-26.10:08:38	48	261	88
2	1	2011-05-26.10:08:42	44	256	92
1	0	2011-05-26.10:08:47	49	254	96
1	0	2011-05-26.10:08:52	45	257	103
1	0	2011-05-26.10:08:56	41	255	105
1	0	2011-05-26.10:09:01	38	256	102
2	1	2011-05-26.10:09:06	35	260	102
2	1	2011-05-26.10:09:10	32	255	101
2	1	2011-05-26.10:09:15	29	255	91
1	0	2011-05-26.10:09:20	29	253	91
1	0	2011-05-26.10:09:24	27	251	88
1	0	2011-05-26.10:09:29	25	254	90
1	0	2011-05-26.10:09:34	23	254	85
1	0	2011-05-26.10:09:38	21	255	85
2	1	2011-05-26.10:09:43	19	253	79
4	2	2011-05-26.10:09:48	34	249	82
4	2	2011-05-26.10:09:52	39	252	89
2	1	2011-05-26.10:09:57	36	251	85
2	1	2011-05-26.10:10:02	33	262	82
1	0	2011-05-26.10:10:07	30	260	83
3	0	2011-05-26.10:10:11	36	259	78
5	0	2011-05-26.10:10:17	41	268	74
2	0	2011-05-26.10:10:23	38	272	72
1	0	2011-05-26.10:10:28	35	271	76
1	0	2011-05-26.10:10:33	48	280	111
1	0	2011-05-26.10:10:37	44	278	103
1	0	2011-05-26.10:10:42	40	270	107
1	0	2011-05-26.10:10:47	37	264	87
3	1	2011-05-26.10:10:51	34	269	96
1	0	2011-05-26.10:10:56	31	267	101
2	1	2011-05-26.10:11:01	29	266	90
3	1	2011-05-26.10:11:05	35	274	82
4	2	2011-05-26.10:11:10	40	267	86
5	3	2011-05-26.10:11:15	40	262	88
3	2	2011-05-26.10:11:19	53	260	88
2	1	2011-05-26.10:11:24	48	260	85
2	1	2011-05-26.10:11:28	44	263	85
1	0	2011-05-26.10:11:33	41	272	86
1	0	2011-05-26.10:11:38	46	263	86
1	0	2011-05-26.10:11:42	42	259	83
1	0	2011-05-26.10:11:47	47	258	77
1	0	2011-05-26.10:11:52	43	259	76
1	0	2011-05-26.10:11:56	39	259	71
1	0	2011-05-26.10:12:01	44	256	71
1	0	2011-05-26.10:12:06	41	266	71
1	0	2011-05-26.10:12:11	37	264	71
2	0	2011-05-26.10:12:15	34	276	107
1	0	2011-05-26.10:12:20	39	278	112
3	1	2011-05-26.10:12:25	39	276	125
4	2	2011-05-26.10:12:29	36	265	113
5	2	2011-05-26.10:12:34	57	262	102
4	2	2011-05-26.10:12:39	61	259	98
2	1	2011-05-26.10:12:43	56	260	98
2	1	2011-05-26.10:12:48	51	258	99
1	0	2011-05-26.10:12:53	71	256	93
1	0	2011-05-26.10:12:57	66	258	89
1	0	2011-05-26.10:13:02	60	264	89
2	0	2011-05-26.10:13:07	55	264	87
4	0	2011-05-26.10:13:12	51	264	81
2	0	2011-05-26.10:13:16	47	263	75
1	0	2011-05-26.10:13:21	43	262	80
1	0	2011-05-26.10:13:26	40	264	79
1	0	2011-05-26.10:13:31	36	270	95
1	0	2011-05-26.10:13:35	34	270	99
1	0	2011-05-26.10:13:40	31	268	99
1	0	2011-05-26.10:13:45	31	259	95
3	1	2011-05-26.10:13:49	44	264	88
5	2	2011-05-26.10:13:54	57	263	86
4	2	2011-05-26.10:13:59	52	264	86
3	1	2011-05-26.10:14:04	48	274	93
2	1	2011-05-26.10:14:08	44	268	90
3	1	2011-05-26.10:14:13	41	274	102
1	0	2011-05-26.10:14:18	37	274	109
1	0	2011-05-26.10:14:22	34	263	103
1	0	2011-05-26.10:14:27	31	261	103
1	0	2011-05-26.10:14:32	29	259	96
1	0	2011-05-26.10:14:36	35	260	92
1	0	2011-05-26.10:14:41	32	263	83
1	0	2011-05-26.10:14:46	29	266	106
1	0	2011-05-26.10:14:50	27	266	113
1	0	2011-05-26.10:14:55	33	263	110
1	0	2011-05-26.10:15:00	30	261	116
1	0	2011-05-26.10:15:05	30	266	121
3	1	2011-05-26.10:15:09	28	262	109
3	1	2011-05-26.10:15:14	33	258	95
4	2	2011-05-26.10:15:19	47	260	92
2	1	2011-05-26.10:15:23	43	256	90
2	1	2011-05-26.10:15:28	39	263	90
2	1	2011-05-26.10:15:33	36	268	115
1	0	2011-05-26.10:15:37	41	268	120
1	0	2011-05-26.10:15:42	38	261	114
3	1	2011-05-26.10:15:47	51	269	122
2	1	2011-05-26.10:15:51	47	268	110
1	0	2011-05-26.10:15:56	43	256	113
1	0	2011-05-26.10:16:01	48	267	108
1	0	2011-05-26.10:16:05	44	266	99
5	1	2011-05-26.10:16:10	48	265	97
6	1	2011-05-26.10:16:15	48	267	91
2	0	2011-05-26.10:16:19	52	266	91
2	1	2011-05-26.10:16:24	48	263	95
4	2	2011-05-26.10:16:29	188	271	125
3	1	2011-05-26.10:16:33	173	269	113
5	3	2011-05-26.10:16:38	175	264	106
4	2	2011-05-26.10:16:43	177	259	95
2	1	2011-05-26.10:16:47	187	258	92
2	1	2011-05-26.10:16:52	188	256	90
1	0	2011-05-26.10:16:57	181	261	92
2	0	2011-05-26.10:17:01	167	276	104
1	0	2011-05-26.10:17:06	153	273	101
1	0	2011-05-26.10:17:11	141	262	98
1	0	2011-05-26.10:17:15	130	258	100
1	0	2011-05-26.10:17:20	127	263	95
1	0	2011-05-26.10:17:25	127	260	82
1	0	2011-05-26.10:17:29	117	260	92
1	0	2011-05-26.10:17:34	124	261	94
1	0	2011-05-26.10:17:39	122	262	90
1	0	2011-05-26.10:17:43	120	256	87
1	0	2011-05-26.10:17:48	110	260	104
2	1	2011-05-26.10:17:53	109	258	106
5	2	2011-05-26.10:17:57	109	260	107
5	2	2011-05-26.10:18:02	108	268	107
2	1	2011-05-26.10:18:07	107	262	101
2	1	2011-05-26.10:18:11	99	264	100
2	1	2011-05-26.10:18:16	91	263	102
2	1	2011-05-26.10:18:21	91	260	102
1	0	2011-05-26.10:18:25	84	254	96
1	0	2011-05-26.10:18:30	77	257	91
1	0	2011-05-26.10:18:35	77	259	98
1	0	2011-05-26.10:18:39	71	256	89
1	0	2011-05-26.10:18:44	65	266	108
1	0	2011-05-26.10:18:49	60	258	102
1	0	2011-05-26.10:18:54	55	253	103
1	0	2011-05-26.10:18:58	51	255	106
2	0	2011-05-26.10:19:03	47	263	98
3	1	2011-05-26.10:19:08	43	267	109
6	1	2011-05-26.10:19:12	48	266	107
6	2	2011-05-26.10:19:17	44	266	104
3	1	2011-05-26.10:19:22	40	266	113
2	1	2011-05-26.10:19:26	45	265	122
2	1	2011-05-26.10:19:31	57	265	125
1	0	2011-05-26.10:19:36	53	260	117
1	0	2011-05-26.10:19:41	49	264	106
1	0	2011-05-26.10:19:46	45	263	84
1	0	2011-05-26.10:19:51	41	262	87
1	0	2011-05-26.10:19:55	38	269	98
2	1	2011-05-26.10:20:00	35	271	120
1	0	2011-05-26.10:20:05	32	272	114
1	0	2011-05-26.10:20:11	29	261	106
1	0	2011-05-26.10:20:15	27	258	102
1	0	2011-05-26.10:20:20	25	258	97
3	1	2011-05-26.10:20:25	25	262	102
1	0	2011-05-26.10:20:29	23	266	114
2	1	2011-05-26.10:20:34	21	259	117
4	2	2011-05-26.10:20:39	19	254	110
4	2	2011-05-26.10:20:43	34	257	105
2	1	2011-05-26.10:20:48	39	256	95
2	1	2011-05-26.10:20:53	36	261	91
1	0	2011-05-26.10:20:57	33	263	108
1	0	2011-05-26.10:21:02	30	274	99
1	0	2011-05-26.10:21:07	28	265	103
2	1	2011-05-26.10:21:11	26	263	106
1	0	2011-05-26.10:21:16	23	263	104
1	0	2011-05-26.10:21:21	30	259	95
1	0	2011-05-26.10:21:25	27	254	91
1	0	2011-05-26.10:21:30	25	256	90
1	0	2011-05-26.10:21:35	25	264	90
1	0	2011-05-26.10:21:39	23	264	104
1	0	2011-05-26.10:21:44	21	262	102
1	0	2011-05-26.10:21:49	19	257	101
2	1	2011-05-26.10:21:53	18	255	95
3	1	2011-05-26.10:21:58	16	253	97
5	2	2011-05-26.10:22:03	23	262	99
5	2	2011-05-26.10:22:07	29	266	78
6	1	2011-05-26.10:22:12	27	265	83
6	1	2011-05-26.10:22:17	33	264	92
1	0	2011-05-26.10:22:21	30	263	89
1	0	2011-05-26.10:22:26	28	260	99
1	0	2011-05-26.10:22:31	25	262	94
1	0	2011-05-26.10:22:35	31	259	94
2	1	2011-05-26.10:22:40	29	266	83
1	0	2011-05-26.10:22:45	29	264	84
1	0	2011-05-26.10:22:49	26	260	91
1	0	2011-05-26.10:22:54	24	265	98
1	0	2011-05-26.10:22:59	22	261	108
3	1	2011-05-26.10:23:03	21	269	101
2	1	2011-05-26.10:23:08	19	267	100
2	1	2011-05-26.10:23:13	17	262	90
2	1	2011-05-26.10:23:18	16	258	89
5	2	2011-05-26.10:23:22	15	258	98
4	2	2011-05-26.10:23:27	13	259	100
3	1	2011-05-26.10:23:32	12	267	107
2	1	2011-05-26.10:23:36	19	270	111
1	0	2011-05-26.10:23:41	18	261	110
1	0	2011-05-26.10:23:46	16	249	116
1	0	2011-05-26.10:23:50	39	249	110
3	1	2011-05-26.10:23:55	36	251	111
1	0	2011-05-26.10:24:00	36	250	103
3	1	2011-05-26.10:24:04	33	264	94
2	1	2011-05-26.10:24:09	30	265	82
1	0	2011-05-26.10:24:14	28	258	82
1	0	2011-05-26.10:24:19	26	254	75
1	0	2011-05-26.10:24:24	24	252	75
1	0	2011-05-26.10:24:29	22	253	68
1	0	2011-05-26.10:24:33	20	256	62
3	1	2011-05-26.10:24:38	18	270	88
3	1	2011-05-26.10:24:43	17	277	105
3	1	2011-05-26.10:24:48	31	271	119
2	1	2011-05-26.10:24:52	45	255	110
2	1	2011-05-26.10:24:57	41	254	100
3	1	2011-05-26.10:25:02	54	264	92
2	1	2011-05-26.10:25:06	50	261	90
4	0	2011-05-26.10:25:11	54	258	86
3	0	2011-05-26.10:25:15	49	258	83
1	0	2011-05-26.10:25:20	45	259	80
1	0	2011-05-26.10:25:25	45	262	92
1	0	2011-05-26.10:25:29	42	259	92
1	0	2011-05-26.10:25:34	38	254	92
1	0	2011-05-26.10:25:39	35	258	82
1	0	2011-05-26.10:25:43	32	256	75
1	0	2011-05-26.10:25:48	38	253	73
1	0	2011-05-26.10:25:53	35	254	77
2	1	2011-05-26.10:25:57	32	266	103
3	1	2011-05-26.10:26:02	29	279	109
4	2	2011-05-26.10:26:07	43	269	103
4	2	2011-05-26.10:26:12	56	266	92
2	1	2011-05-26.10:26:17	51	266	88
2	1	2011-05-26.10:26:22	47	263	76
1	0	2011-05-26.10:26:27	43	262	70
1	0	2011-05-26.10:26:33	40	267	65
1	0	2011-05-26.10:26:38	36	259	65
3	1	2011-05-26.10:26:42	34	270	101
1	0	2011-05-26.10:26:47	31	262	107
1	0	2011-05-26.10:26:52	28	255	110
1	0	2011-05-26.10:26:56	26	255	98
1	0	2011-05-26.10:27:01	24	256	113
1	0	2011-05-26.10:27:06	22	263	104
2	1	2011-05-26.10:27:10	20	259	103
1	0	2011-05-26.10:27:15	18	266	101
1	0	2011-05-26.10:27:20	18	267	111
3	1	2011-05-26.10:27:24	17	259	111
4	2	2011-05-26.10:27:29	16	256	113
2	1	2011-05-26.10:27:34	14	252	104
3	1	2011-05-26.10:27:38	21	258	92
2	1	2011-05-26.10:27:43	19	259	92
1	0	2011-05-26.10:27:48	26	251	91
1	0	2011-05-26.10:27:52	24	250	87
1	0	2011-05-26.10:27:57	22	250	89
1	0	2011-05-26.10:28:02	20	269	81
1	0	2011-05-26.10:28:06	35	265	86
7	1	2011-05-26.10:28:11	40	269	98
5	0	2011-05-26.10:28:16	37	266	100
1	0	2011-05-26.10:28:20	34	263	96
3	0	2011-05-26.10:28:25	39	258	94
1	0	2011-05-26.10:28:30	39	265	108
1	0	2011-05-26.10:28:34	36	267	120
2	1	2011-05-26.10:28:39	33	261	111
3	1	2011-05-26.10:28:44	38	264	103
4	2	2011-05-26.10:28:48	59	256	99
4	2	2011-05-26.10:28:53	78	255	92
3	1	2011-05-26.10:28:58	80	260	84
3	1	2011-05-26.10:29:02	74	269	98
1	0	2011-05-26.10:29:07	68	263	96
1	0	2011-05-26.10:29:12	62	260	97
1	0	2011-05-26.10:29:16	57	258	97
1	0	2011-05-26.10:29:21	53	257	102
1	0	2011-05-26.10:29:26	48	255	98
1	0	2011-05-26.10:29:31	45	257	93
1	0	2011-05-26.10:29:36	41	256	86
1	0	2011-05-26.10:29:41	38	252	85
1	0	2011-05-26.10:29:45	35	260	108
1	0	2011-05-26.10:29:50	32	257	108
1	0	2011-05-26.10:29:55	32	253	108
1	0	2011-05-26.10:29:59	29	253	103
3	1	2011-05-26.10:30:04	35	266	97
5	2	2011-05-26.10:30:09	32	261	91
5	3	2011-05-26.10:30:13	37	261	93
4	2	2011-05-26.10:30:18	42	263	110
2	1	2011-05-26.10:30:23	39	261	104
2	1	2011-05-26.10:30:27	36	258	104
1	0	2011-05-26.10:30:32	33	255	100
1	0	2011-05-26.10:30:37	30	253	97
1	0	2011-05-26.10:30:41	36	256	95
1	0	2011-05-26.10:30:46	33	253	94
1	0	2011-05-26.10:30:51	30	254	96
1	0	2011-05-26.10:30:55	28	253	97
1	0	2011-05-26.10:31:00	34	252	98
1	0	2011-05-26.10:31:05	34	265	91
4	0	2011-05-26.10:31:09	31	259	88
5	0	2011-05-26.10:31:14	36	259	91
2	0	2011-05-26.10:31:19	41	262	96
2	1	2011-05-26.10:31:23	38	262	93
3	1	2011-05-26.10:31:28	51	259	99
5	2	2011-05-26.10:31:33	63	260	100
4	2	2011-05-26.10:31:37	74	256	99
2	1	2011-05-26.10:31:42	68	257	91
2	1	2011-05-26.10:31:46	62	255	87
1	0	2011-05-26.10:31:51	73	255	90
2	1	2011-05-26.10:31:56	68	255	85
1	0	2011-05-26.10:32:00	62	261	107
3	1	2011-05-26.10:32:05	57	269	109
2	1	2011-05-26.10:32:10	57	261	101
1	0	2011-05-26.10:32:15	53	259	102
1	0	2011-05-26.10:32:19	48	254	98
2	1	2011-05-26.10:32:24	60	258	91
1	0	2011-05-26.10:32:29	56	258	88
1	0	2011-05-26.10:32:34	51	259	88
1	0	2011-05-26.10:32:39	47	255	87
2	1	2011-05-26.10:32:43	43	262	92
2	1	2011-05-26.10:32:48	80	258	92
4	2	2011-05-26.10:32:53	105	256	85
4	2	2011-05-26.10:32:57	121	258	104
4	2	2011-05-26.10:33:02	119	270	98
2	1	2011-05-26.10:33:07	110	263	96
2	1	2011-05-26.10:33:12	109	266	104
1	0	2011-05-26.10:33:16	108	263	103
1	0	2011-05-26.10:33:21	99	260	105
1	0	2011-05-26.10:33:26	91	256	96
2	0	2011-05-26.10:33:30	84	260	93
1	0	2011-05-26.10:33:35	77	261	92
1	0	2011-05-26.10:33:40	77	250	90
1	0	2011-05-26.10:33:44	71	251	86
1	0	2011-05-26.10:33:49	65	251	87
1	0	2011-05-26.10:33:54	60	251	89
1	0	2011-05-26.10:33:58	55	251	86
3	1	2011-05-26.10:34:03	51	262	81
3	1	2011-05-26.10:34:08	47	264	75
8	2	2011-05-26.10:34:12	59	260	86
6	2	2011-05-26.10:34:17	62	262	95
4	2	2011-05-26.10:34:22	65	260	104
2	1	2011-05-26.10:34:26	68	257	98
2	1	2011-05-26.10:34:31	63	258	110
1	0	2011-05-26.10:34:36	58	258	104
1	0	2011-05-26.10:34:41	53	260	95
1	0	2011-05-26.10:34:46	49	260	87
1	0	2011-05-26.10:34:50	45	254	83
1	0	2011-05-26.10:34:55	41	262	101
1	0	2011-05-26.10:35:00	41	260	102
2	0	2011-05-26.10:35:04	38	266	101
1	0	2011-05-26.10:35:09	35	261	95
1	0	2011-05-26.10:35:14	48	266	90
1	0	2011-05-26.10:35:18	44	259	84
1	0	2011-05-26.10:35:23	49	261	92
1	0	2011-05-26.10:35:28	45	259	97
3	1	2011-05-26.10:35:32	57	259	94
4	2	2011-05-26.10:35:37	60	255	102
4	2	2011-05-26.10:35:42	80	256	102
2	1	2011-05-26.10:35:46	81	254	114
2	1	2011-05-26.10:35:51	91	255	108
2	1	2011-05-26.10:35:56	83	250	95
2	1	2011-05-26.10:36:00	77	255	87
3	1	2011-05-26.10:36:05	77	268	99
2	1	2011-05-26.10:36:10	71	264	101
1	0	2011-05-26.10:36:14	65	262	107
1	0	2011-05-26.10:36:19	60	262	99
1	0	2011-05-26.10:36:24	55	258	99
1	0	2011-05-26.10:36:28	50	259	102
1	0	2011-05-26.10:36:33	46	256	94
1	0	2011-05-26.10:36:38	51	254	86
1	0	2011-05-26.10:36:43	47	253	86
1	0	2011-05-26.10:36:47	43	254	83
2	1	2011-05-26.10:36:52	39	252	83
4	2	2011-05-26.10:36:57	68	257	103
5	2	2011-05-26.10:37:01	79	271	99
2	1	2011-05-26.10:37:06	80	268	93
5	1	2011-05-26.10:37:11	74	259	91
5	1	2011-05-26.10:37:15	76	264	87
5	1	2011-05-26.10:37:20	78	268	89
1	0	2011-05-26.10:37:25	78	262	103
1	0	2011-05-26.10:37:29	72	259	100
1	0	2011-05-26.10:37:34	74	252	97
1	0	2011-05-26.10:37:39	68	259	109
1	0	2011-05-26.10:37:43	62	261	111
1	0	2011-05-26.10:37:48	57	256	104
1	0	2011-05-26.10:37:53	53	259	102
1	0	2011-05-26.10:37:58	49	258	107
1	0	2011-05-26.10:38:02	45	266	105
1	0	2011-05-26.10:38:07	41	264	95
2	1	2011-05-26.10:38:12	38	256	87
3	1	2011-05-26.10:38:17	35	256	87
4	2	2011-05-26.10:38:23	32	255	78
2	1	2011-05-26.10:38:29	45	260	73
3	1	2011-05-26.10:38:33	42	269	111
1	0	2011-05-26.10:38:38	38	271	116
1	0	2011-05-26.10:38:43	35	266	120
1	0	2011-05-26.10:38:47	32	257	114
1	0	2011-05-26.10:38:52	30	255	112
1	0	2011-05-26.10:38:57	27	254	105
3	1	2011-05-26.10:39:01	25	264	102
1	0	2011-05-26.10:39:06	39	263	96
1	0	2011-05-26.10:39:11	36	258	95
1	0	2011-05-26.10:39:15	49	255	92
1	0	2011-05-26.10:39:20	53	255	92
1	0	2011-05-26.10:39:25	53	256	89
1	0	2011-05-26.10:39:29	49	257	87
2	1	2011-05-26.10:39:34	45	254	82
3	1	2011-05-26.10:39:39	41	253	79
4	2	2011-05-26.10:39:44	46	256	73
4	2	2011-05-26.10:39:49	50	262	111
2	1	2011-05-26.10:39:53	46	263	112
2	1	2011-05-26.10:39:58	50	256	112
2	1	2011-05-26.10:40:03	46	268	108
1	0	2011-05-26.10:40:08	43	264	106
5	0	2011-05-26.10:40:12	39	263	102
4	1	2011-05-26.10:40:17	44	260	97
2	1	2011-05-26.10:40:22	49	266	116
2	1	2011-05-26.10:40:27	45	268	106
1	0	2011-05-26.10:40:31	57	262	111
1	0	2011-05-26.10:40:36	68	259	108
1	0	2011-05-26.10:40:41	63	257	111
1	0	2011-05-26.10:40:45	58	258	109
3	1	2011-05-26.10:40:50	69	272	117
2	1	2011-05-26.10:40:55	69	265	116
3	1	2011-05-26.10:40:59	64	265	127
6	3	2011-05-26.10:41:04	59	272	126
5	2	2011-05-26.10:41:09	86	264	116
4	2	2011-05-26.10:41:14	95	260	108
2	1	2011-05-26.10:41:19	87	259	98
3	1	2011-05-26.10:41:23	80	265	100
1	0	2011-05-26.10:41:28	74	268	116
2	1	2011-05-26.10:41:33	68	262	126
1	0	2011-05-26.10:41:37	62	259	120
2	1	2011-05-26.10:41:42	65	258	111
1	0	2011-05-26.10:41:47	60	253	109
2	1	2011-05-26.10:41:51	63	259	124
1	0	2011-05-26.10:41:56	58	263	140
1	0	2011-05-26.10:42:01	78	261	138
1	0	2011-05-26.10:42:06	71	258	128
3	1	2011-05-26.10:42:10	82	259	131
2	1	2011-05-26.10:42:15	91	261	123
3	1	2011-05-26.10:42:20	92	259	118
6	3	2011-05-26.10:42:26	92	254	111
5	3	2011-05-26.10:42:31	85	256	107
2	1	2011-05-26.10:42:36	78	252	101
2	1	2011-05-26.10:42:41	72	257	105
1	0	2011-05-26.10:42:46	66	262	124
1	0	2011-05-26.10:42:50	61	258	116
1	0	2011-05-26.10:42:55	56	261	111
1	0	2011-05-26.10:43:00	56	255	103
3	1	2011-05-26.10:43:04	51	266	103
4	1	2011-05-26.10:43:09	47	273	112
6	1	2011-05-26.10:43:14	51	275	119
6	0	2011-05-26.10:43:18	55	265	111
3	0	2011-05-26.10:43:23	59	260	110
1	0	2011-05-26.10:43:28	54	257	114
1	0	2011-05-26.10:43:32	50	259	116
1	0	2011-05-26.10:43:37	46	258	108
4	2	2011-05-26.10:43:42	58	259	107
5	2	2011-05-26.10:43:46	69	265	118
4	2	2011-05-26.10:43:51	64	276	120
2	1	2011-05-26.10:43:56	59	268	128
3	1	2011-05-26.10:44:01	70	270	121
3	1	2011-05-26.10:44:05	72	272	116
2	1	2011-05-26.10:44:10	67	261	115
2	1	2011-05-26.10:44:15	67	257	113
1	0	2011-05-26.10:44:19	61	255	106
2	1	2011-05-26.10:44:24	56	258	95
1	0	2011-05-26.10:44:29	52	257	93
1	0	2011-05-26.10:44:33	48	262	107
1	0	2011-05-26.10:44:38	44	255	103
1	0	2011-05-26.10:44:43	40	252	97
1	0	2011-05-26.10:44:47	37	251	92
1	0	2011-05-26.10:44:52	34	257	94
1	0	2011-05-26.10:44:57	31	259	97
2	1	2011-05-26.10:45:01	29	272	109
5	2	2011-05-26.10:45:06	26	265	117
4	2	2011-05-26.10:45:11	24	265	123
4	2	2011-05-26.10:45:16	22	269	144
2	1	2011-05-26.10:45:20	20	267	129
2	1	2011-05-26.10:45:25	19	258	128
1	0	2011-05-26.10:45:30	19	258	121
2	1	2011-05-26.10:45:34	17	261	133
2	1	2011-05-26.10:45:39	16	266	120
3	1	2011-05-26.10:45:44	15	266	137
1	0	2011-05-26.10:45:49	13	262	138
1	0	2011-05-26.10:45:53	12	254	136
1	0	2011-05-26.10:45:58	11	254	128
1	0	2011-05-26.10:46:03	10	259	115
3	0	2011-05-26.10:46:08	18	263	132
4	0	2011-05-26.10:46:12	16	263	122
3	0	2011-05-26.10:46:17	15	261	122
3	1	2011-05-26.10:46:22	14	262	126
4	2	2011-05-26.10:46:26	12	258	124
5	2	2011-05-26.10:46:31	11	257	123
3	1	2011-05-26.10:46:36	10	263	137
2	1	2011-05-26.10:46:41	10	265	132
2	1	2011-05-26.10:46:45	9	256	127
2	1	2011-05-26.10:46:50	8	257	121
2	1	2011-05-26.10:46:55	8	259	120
1	0	2011-05-26.10:46:59	7	258	115
2	1	2011-05-26.10:47:04	7	264	111
1	0	2011-05-26.10:47:09	6	265	104
3	1	2011-05-26.10:47:14	14	273	127
1	0	2011-05-26.10:47:18	13	274	120
1	0	2011-05-26.10:47:23	20	262	120
1	0	2011-05-26.10:47:28	18	261	117
1	0	2011-05-26.10:47:32	16	259	106
1	0	2011-05-26.10:47:37	15	254	101
1	0	2011-05-26.10:47:42	14	252	97
3	1	2011-05-26.10:47:47	13	252	97
5	2	2011-05-26.10:47:52	20	263	136
4	2	2011-05-26.10:47:56	18	268	127
3	1	2011-05-26.10:48:01	17	265	123
3	1	2011-05-26.10:48:06	15	263	122
2	1	2011-05-26.10:48:11	14	260	123
1	0	2011-05-26.10:48:15	13	256	117
1	0	2011-05-26.10:48:20	12	258	119
1	0	2011-05-26.10:48:25	12	257	127
1	0	2011-05-26.10:48:29	11	259	134
2	1	2011-05-26.10:48:34	26	262	131
2	1	2011-05-26.10:48:39	24	254	112
3	1	2011-05-26.10:48:44	22	258	124
1	0	2011-05-26.10:48:48	20	257	126
1	0	2011-05-26.10:48:53	18	255	124
1	0	2011-05-26.10:48:58	25	250	116
3	1	2011-05-26.10:49:02	23	262	115
3	1	2011-05-26.10:49:07	45	261	114
7	2	2011-05-26.10:49:12	58	262	108
6	2	2011-05-26.10:49:16	69	264	119
2	1	2011-05-26.10:49:21	63	266	125
2	1	2011-05-26.10:49:26	58	260	114
2	1	2011-05-26.10:49:31	54	257	109
2	1	2011-05-26.10:49:35	49	257	108
2	1	2011-05-26.10:49:40	45	257	103
1	0	2011-05-26.10:49:45	45	255	97
1	0	2011-05-26.10:49:49	50	254	99
1	0	2011-05-26.10:49:54	46	251	99
1	0	2011-05-26.10:49:59	42	257	117
2	0	2011-05-26.10:50:03	39	271	123
1	0	2011-05-26.10:50:08	36	261	115
1	0	2011-05-26.10:50:13	41	257	104
1	0	2011-05-26.10:50:17	37	259	109
1	0	2011-05-26.10:50:22	34	261	109
3	1	2011-05-26.10:50:27	48	264	122
5	2	2011-05-26.10:50:31	60	273	139
4	2	2011-05-26.10:50:36	55	265	125
4	2	2011-05-26.10:50:41	58	256	126
2	1	2011-05-26.10:50:46	54	258	140
1	0	2011-05-26.10:50:50	57	256	129
1	0	2011-05-26.10:50:55	53	250	134
1	0	2011-05-26.10:51:00	53	250	116
1	0	2011-05-26.10:51:04	49	259	120
2	1	2011-05-26.10:51:09	53	259	107
2	1	2011-05-26.10:51:14	56	260	124
1	0	2011-05-26.10:51:19	52	266	131
1	0	2011-05-26.10:51:23	80	262	130
1	0	2011-05-26.10:51:28	73	256	120
3	1	2011-05-26.10:51:33	67	259	118
1	0	2011-05-26.10:51:37	62	258	115
1	0	2011-05-26.10:51:42	57	254	118
2	1	2011-05-26.10:51:47	76	259	129
5	2	2011-05-26.10:51:52	86	258	122
6	3	2011-05-26.10:51:56	103	255	116
6	3	2011-05-26.10:52:01	95	267	113
2	1	2011-05-26.10:52:06	87	260	112
5	1	2011-05-26.10:52:10	96	258	118
6	1	2011-05-26.10:52:15	105	260	110
5	0	2011-05-26.10:52:20	105	260	109
2	1	2011-05-26.10:52:24	104	260	108
1	0	2011-05-26.10:52:29	112	260	121
1	0	2011-05-26.10:52:34	103	264	122
1	0	2011-05-26.10:52:38	95	264	118
1	0	2011-05-26.10:52:43	87	255	119
1	0	2011-05-26.10:52:48	80	256	108
1	0	2011-05-26.10:52:53	74	259	116
1	0	2011-05-26.10:52:57	76	259	113
3	1	2011-05-26.10:53:02	70	270	123
2	1	2011-05-26.10:53:07	64	263	131
3	1	2011-05-26.10:53:11	59	259	123
6	3	2011-05-26.10:53:16	70	259	118
6	3	2011-05-26.10:53:21	97	260	119
4	2	2011-05-26.10:53:25	97	258	113
2	1	2011-05-26.10:53:30	89	252	104
1	0	2011-05-26.10:53:35	82	254	102
1	0	2011-05-26.10:53:40	82	253	97
1	0	2011-05-26.10:53:44	75	250	102
1	0	2011-05-26.10:53:49	69	256	112
1	0	2011-05-26.10:53:54	64	263	111
1	0	2011-05-26.10:53:58	59	262	110
2	0	2011-05-26.10:54:03	54	268	112
2	1	2011-05-26.10:54:08	49	265	100
3	1	2011-05-26.10:54:13	61	260	106
1	0	2011-05-26.10:54:17	57	258	104
1	0	2011-05-26.10:54:22	52	254	104
2	1	2011-05-26.10:54:27	48	255	98
2	1	2011-05-26.10:54:31	52	256	94
4	2	2011-05-26.10:54:36	56	252	94
5	2	2011-05-26.10:54:41	51	258	97
4	2	2011-05-26.10:54:45	55	260	105
2	1	2011-05-26.10:54:50	51	267	106
2	1	2011-05-26.10:54:55	51	264	132
2	1	2011-05-26.10:54:59	47	261	128
2	0	2011-05-26.10:55:04	43	267	130
6	1	2011-05-26.10:55:09	39	265	117
6	1	2011-05-26.10:55:13	44	266	114
6	1	2011-05-26.10:55:18	73	265	112
3	0	2011-05-26.10:55:23	67	261	114
1	0	2011-05-26.10:55:28	61	262	114
1	0	2011-05-26.10:55:32	56	266	123
1	0	2011-05-26.10:55:37	60	264	130
1	0	2011-05-26.10:55:42	71	258	124
1	0	2011-05-26.10:55:46	65	259	110
2	1	2011-05-26.10:55:51	60	257	101
4	2	2011-05-26.10:55:56	95	257	97
5	2	2011-05-26.10:56:01	120	262	108
4	2	2011-05-26.10:56:05	134	274	98
2	1	2011-05-26.10:56:10	131	270	103
3	1	2011-05-26.10:56:15	129	265	107
2	1	2011-05-26.10:56:20	129	263	100
1	0	2011-05-26.10:56:24	118	261	112
1	0	2011-05-26.10:56:29	117	264	114
1	0	2011-05-26.10:56:34	108	261	111
1	0	2011-05-26.10:56:38	99	259	120
1	0	2011-05-26.10:56:43	91	258	122
1	0	2011-05-26.10:56:48	84	255	118
1	0	2011-05-26.10:56:52	77	253	119
1	0	2011-05-26.10:56:57	71	254	125
1	0	2011-05-26.10:57:02	65	263	119
1	0	2011-05-26.10:57:07	60	259	109
3	1	2011-05-26.10:57:11	55	262	104
3	1	2011-05-26.10:57:16	59	257	102
4	2	2011-05-26.10:57:21	70	258	99
4	2	2011-05-26.10:57:25	80	254	100
4	2	2011-05-26.10:57:30	74	255	107
2	1	2011-05-26.10:57:35	74	256	107
2	1	2011-05-26.10:57:39	68	256	97
1	0	2011-05-26.10:57:44	78	258	92
2	1	2011-05-26.10:57:49	72	258	93
1	0	2011-05-26.10:57:53	66	258	108
1	0	2011-05-26.10:57:58	61	266	96
3	1	2011-05-26.10:58:03	56	270	106
3	1	2011-05-26.10:58:07	52	269	106
4	0	2011-05-26.10:58:12	47	262	100
5	1	2011-05-26.10:58:17	60	264	92
5	1	2011-05-26.10:58:22	55	269	109
1	0	2011-05-26.10:58:26	66	265	104
2	1	2011-05-26.10:58:31	61	263	106
3	1	2011-05-26.10:58:36	80	264	114
4	2	2011-05-26.10:58:40	82	262	111
4	2	2011-05-26.10:58:45	75	255	102
2	1	2011-05-26.10:58:50	75	256	101
1	0	2011-05-26.10:58:55	69	254	94
2	1	2011-05-26.10:58:59	64	258	83
3	1	2011-05-26.10:59:04	66	271	101
2	1	2011-05-26.10:59:09	61	269	105
1	0	2011-05-26.10:59:13	56	258	102
2	1	2011-05-26.10:59:18	76	264	94
1	0	2011-05-26.10:59:23	78	261	86
1	0	2011-05-26.10:59:28	71	261	81
1	0	2011-05-26.10:59:33	66	261	87
1	0	2011-05-26.10:59:37	60	263	102
1	0	2011-05-26.10:59:42	56	258	98
2	1	2011-05-26.10:59:47	51	260	90
1	0	2011-05-26.10:59:51	47	258	92
3	1	2011-05-26.10:59:56	67	269	103
4	2	2011-05-26.11:00:01	78	268	115
5	2	2011-05-26.11:00:05	72	272	121
3	1	2011-05-26.11:00:10	74	264	120
2	1	2011-05-26.11:00:15	68	256	114
2	1	2011-05-26.11:00:20	68	254	105
2	1	2011-05-26.11:00:24	102	257	89
1	0	2011-05-26.11:00:29	94	257	99
1	0	2011-05-26.11:00:34	87	255	99
1	0	2011-05-26.11:00:38	80	253	96
1	0	2011-05-26.11:00:43	73	257	96
1	0	2011-05-26.11:00:48	67	251	92
1	0	2011-05-26.11:00:52	70	254	98
1	0	2011-05-26.11:00:57	64	253	98
1	0	2011-05-26.11:01:02	59	266	91
1	0	2011-05-26.11:01:06	54	265	87
4	0	2011-05-26.11:01:11	66	263	92
5	1	2011-05-26.11:01:16	77	266	114
5	1	2011-05-26.11:01:20	71	266	111
4	2	2011-05-26.11:01:25	73	255	111
4	2	2011-05-26.11:01:30	73	260	109
2	1	2011-05-26.11:01:34	67	259	113
2	1	2011-05-26.11:01:39	62	261	108
1	0	2011-05-26.11:01:44	57	260	119
2	1	2011-05-26.11:01:48	52	258	117
2	1	2011-05-26.11:01:53	56	264	123
1	0	2011-05-26.11:01:58	51	259	117
2	0	2011-05-26.11:02:02	47	270	119
1	0	2011-05-26.11:02:07	43	260	115
2	1	2011-05-26.11:02:12	48	261	121
1	0	2011-05-26.11:02:17	44	261	112
1	0	2011-05-26.11:02:22	41	256	108
2	1	2011-05-26.11:02:26	37	260	102
1	0	2011-05-26.11:02:31	42	259	101
1	0	2011-05-26.11:02:36	39	256	100
3	1	2011-05-26.11:02:40	36	255	101
5	3	2011-05-26.11:02:45	49	257	92
5	3	2011-05-26.11:02:50	49	254	89
3	2	2011-05-26.11:02:54	77	254	81
2	1	2011-05-26.11:02:59	71	252	79
2	1	2011-05-26.11:03:04	65	264	76
2	1	2011-05-26.11:03:09	60	261	82
2	1	2011-05-26.11:03:13	55	261	87
1	0	2011-05-26.11:03:18	51	264	90
1	0	2011-05-26.11:03:23	46	263	100
1	0	2011-05-26.11:03:27	43	270	122
2	1	2011-05-26.11:03:32	39	260	113
3	1	2011-05-26.11:03:37	36	260	96
1	0	2011-05-26.11:03:41	33	258	97
1	0	2011-05-26.11:03:46	38	260	78
1	0	2011-05-26.11:03:51	35	262	76
1	0	2011-05-26.11:03:55	33	257	76
3	1	2011-05-26.11:04:00	54	268	94
5	2	2011-05-26.11:04:05	54	277	100
7	2	2011-05-26.11:04:09	66	272	125
5	1	2011-05-26.11:04:14	60	266	125
2	1	2011-05-26.11:04:19	55	263	114
3	1	2011-05-26.11:04:23	51	266	100
3	1	2011-05-26.11:04:28	47	268	103
1	0	2011-05-26.11:04:33	43	264	105
1	0	2011-05-26.11:04:37	40	265	107
1	0	2011-05-26.11:04:42	36	263	98
2	1	2011-05-26.11:04:47	42	260	103
1	0	2011-05-26.11:04:51	38	255	101
1	0	2011-05-26.11:04:56	35	259	98
1	0	2011-05-26.11:05:01	32	268	97
1	0	2011-05-26.11:05:06	30	274	80
1	0	2011-05-26.11:05:10	27	262	77
1	0	2011-05-26.11:05:15	33	255	75
2	1	2011-05-26.11:05:20	30	255	68
4	2	2011-05-26.11:05:25	28	253	68
4	2	2011-05-26.11:05:31	26	254	65
2	1	2011-05-26.11:05:36	24	256	61
3	1	2011-05-26.11:05:41	22	274	89
1	0	2011-05-26.11:05:45	28	271	87
1	0	2011-05-26.11:05:50	26	257	101
1	0	2011-05-26.11:05:55	26	259	109
3	1	2011-05-26.11:05:59	24	259	111
1	0	2011-05-26.11:06:04	22	267	115
2	1	2011-05-26.11:06:09	20	262	104
2	1	2011-05-26.11:06:13	18	258	103
1	0	2011-05-26.11:06:18	17	253	104
1	0	2011-05-26.11:06:23	15	251	104
1	0	2011-05-26.11:06:27	14	252	103
1	0	2011-05-26.11:06:32	13	254	94
1	0	2011-05-26.11:06:37	36	257	89
2	1	2011-05-26.11:06:42	49	258	80
4	2	2011-05-26.11:06:46	45	252	77
4	2	2011-05-26.11:06:51	66	250	74
2	1	2011-05-26.11:06:56	60	249	78
1	0	2011-05-26.11:07:01	63	255	69
1	0	2011-05-26.11:07:05	66	261	67
4	0	2011-05-26.11:07:10	69	262	61
